"","SimulationNumber","InfectedNode","DayInfected","Community","TrialStatus","DayEnrolled"
"1",107,9760,61,99,0,56
"2",107,2039,68,21,NA,NA
"3",107,9787,70,99,0,56
"4",107,9733,71,99,NA,NA
"5",107,9736,71,99,0,56
"6",107,9772,71,99,NA,NA
"7",107,2004,73,21,0,56
"8",107,7852,73,79,NA,NA
"9",107,2016,75,21,0,56
"10",107,3088,75,32,NA,NA
"11",107,9762,76,99,0,56
"12",107,9770,76,99,0,56
"13",107,2049,77,21,NA,NA
"14",107,1988,78,21,NA,NA
"15",107,9763,78,99,NA,NA
"16",107,9777,78,99,NA,NA
"17",107,9783,78,99,NA,NA
"18",107,7880,79,79,NA,NA
"19",107,9804,79,99,NA,NA
"20",107,9819,79,99,0,56
"21",107,3090,80,32,0,56
"22",107,9751,80,99,NA,NA
"23",107,9790,80,99,0,56
"24",107,9755,81,99,NA,NA
"25",107,1979,82,21,NA,NA
"26",107,1995,82,21,0,56
"27",107,2044,82,21,0,56
"28",107,9745,82,99,0,56
"29",107,9765,82,99,0,56
"30",107,3105,83,32,0,56
"31",107,7805,83,79,0,56
"32",107,2015,84,21,0,56
"33",107,2042,84,21,0,56
"34",107,7787,84,79,0,56
"35",107,7791,84,79,NA,NA
"36",107,9776,84,99,0,56
"37",107,9780,84,99,NA,NA
"38",107,9800,84,99,0,56
"39",107,9801,84,99,0,56
"40",107,2009,85,21,0,56
"41",107,3097,85,32,0,56
"42",107,7782,85,79,NA,NA
"43",107,9779,85,99,NA,NA
"44",107,9808,85,99,NA,NA
"45",107,955,86,10,NA,NA
"46",107,1965,86,21,0,56
"47",107,2031,86,21,0,56
"48",107,7817,86,79,NA,NA
"49",107,7823,86,79,NA,NA
"50",107,2003,87,21,NA,NA
"51",107,7855,87,79,NA,NA
"52",107,9731,87,99,NA,NA
"53",107,9753,87,99,NA,NA
"54",107,9764,87,99,0,56
"55",107,9781,87,99,NA,NA
"56",107,2023,88,21,NA,NA
"57",107,3039,88,32,NA,NA
"58",107,9457,88,96,NA,NA
"59",107,9813,88,99,0,56
"60",107,2001,89,21,NA,NA
"61",107,2032,89,21,NA,NA
"62",107,7804,89,79,0,56
"63",107,9786,89,99,NA,NA
"64",107,1968,90,21,NA,NA
"65",107,1999,90,21,NA,NA
"66",107,2002,90,21,NA,NA
"67",107,2005,90,21,0,56
"68",107,2019,90,21,0,56
"69",107,2033,90,21,0,56
"70",107,2041,90,21,NA,NA
"71",107,3046,90,32,0,56
"72",107,7788,90,79,0,56
"73",107,9744,90,99,NA,NA
"74",107,9761,90,99,0,56
"75",107,9778,90,99,NA,NA
"76",107,9785,90,99,0,56
"77",107,9816,90,99,NA,NA
"78",107,957,91,10,NA,NA
"79",107,7828,91,79,0,56
"80",107,7839,91,79,0,56
"81",107,7841,91,79,0,56
"82",107,7844,91,79,NA,NA
"83",107,7851,91,79,NA,NA
"84",107,7879,91,79,0,56
"85",107,9734,91,99,NA,NA
"86",107,9768,91,99,NA,NA
"87",107,988,92,10,0,56
"88",107,1994,92,21,NA,NA
"89",107,7785,92,79,0,56
"90",107,7795,92,79,NA,NA
"91",107,7825,92,79,NA,NA
"92",107,7862,92,79,NA,NA
"93",107,7882,92,79,NA,NA
"94",107,9747,92,99,0,56
"95",107,9748,92,99,0,56
"96",107,9788,92,99,NA,NA
"97",107,9809,92,99,0,56
"98",107,9817,92,99,0,56
"99",107,986,93,10,NA,NA
"100",107,2038,93,21,0,56
"101",107,2046,93,21,NA,NA
"102",107,3092,93,32,NA,NA
"103",107,3121,93,32,NA,NA
"104",107,7870,93,79,0,56
"105",107,9545,93,96,NA,NA
"106",107,9803,93,99,NA,NA
"107",107,9807,93,99,0,56
"108",107,2020,94,21,NA,NA
"109",107,3072,94,32,0,56
"110",107,7800,94,79,0,56
"111",107,7803,94,79,0,56
"112",107,7818,94,79,NA,NA
"113",107,1975,95,21,0,56
"114",107,1989,95,21,0,56
"115",107,2010,95,21,NA,NA
"116",107,2030,95,21,0,56
"117",107,2035,95,21,0,56
"118",107,3095,95,32,NA,NA
"119",107,3111,95,32,NA,NA
"120",107,9752,95,99,NA,NA
"121",107,9810,95,99,0,56
"122",107,9811,95,99,NA,NA
"123",107,950,96,10,0,56
"124",107,1976,96,21,0,56
"125",107,3103,96,32,0,56
"126",107,7793,96,79,NA,NA
"127",107,7798,96,79,NA,NA
"128",107,7813,96,79,NA,NA
"129",107,9741,96,99,NA,NA
"130",107,1966,97,21,NA,NA
"131",107,1978,97,21,0,56
"132",107,1985,97,21,0,56
"133",107,3086,97,32,NA,NA
"134",107,3113,97,32,0,56
"135",107,3115,97,32,NA,NA
"136",107,7790,97,79,0,56
"137",107,9482,97,96,0,56
"138",107,9489,97,96,NA,NA
"139",107,9750,97,99,0,56
"140",107,9756,97,99,0,56
"141",107,9757,97,99,NA,NA
"142",107,9767,97,99,NA,NA
"143",107,9791,97,99,NA,NA
"144",107,1992,98,21,NA,NA
"145",107,1997,98,21,NA,NA
"146",107,6015,98,62,NA,NA
"147",107,7783,98,79,NA,NA
"148",107,7826,98,79,0,56
"149",107,7846,98,79,NA,NA
"150",107,9737,98,99,0,56
"151",107,9799,98,99,NA,NA
"152",107,1964,99,21,NA,NA
"153",107,2018,99,21,0,56
"154",107,3045,99,32,NA,NA
"155",107,3093,99,32,0,56
"156",107,7794,99,79,NA,NA
"157",107,7815,99,79,0,56
"158",107,7819,99,79,0,56
"159",107,7830,99,79,0,56
"160",107,7843,99,79,0,56
"161",107,7877,99,79,0,56
"162",107,9754,99,99,0,56
"163",107,9784,99,99,NA,NA
"164",107,9792,99,99,NA,NA
"165",107,1969,100,21,0,56
"166",107,1984,100,21,NA,NA
"167",107,2022,100,21,0,56
"168",107,3041,100,32,NA,NA
"169",107,3042,100,32,0,56
"170",107,3063,100,32,NA,NA
"171",107,3066,100,32,0,56
"172",107,3069,100,32,0,56
"173",107,7806,100,79,NA,NA
"174",107,7814,100,79,NA,NA
"175",107,7827,100,79,0,56
"176",107,7838,100,79,NA,NA
"177",107,7859,100,79,0,56
"178",107,7868,100,79,0,56
"179",107,7872,100,79,NA,NA
"180",107,9742,100,99,NA,NA
"181",107,9769,100,99,NA,NA
"182",107,9798,100,99,0,56
"183",107,9806,100,99,0,56
"184",107,925,101,10,0,56
"185",107,1971,101,21,NA,NA
"186",107,1972,101,21,0,56
"187",107,1973,101,21,NA,NA
"188",107,3052,101,32,NA,NA
"189",107,3117,101,32,0,56
"190",107,7781,101,79,NA,NA
"191",107,7789,101,79,NA,NA
"192",107,7833,101,79,NA,NA
"193",107,7858,101,79,0,56
"194",107,7874,101,79,0,56
"195",107,9495,101,96,0,56
"196",107,9497,101,96,NA,NA
"197",107,1004,102,10,NA,NA
"198",107,1996,102,21,NA,NA
"199",107,2047,102,21,0,56
"200",107,6039,102,62,0,56
"201",107,7812,102,79,NA,NA
"202",107,7847,102,79,0,56
"203",107,7881,102,79,NA,NA
"204",107,9771,102,99,0,56
"205",107,9782,102,99,0,56
"206",107,941,103,10,NA,NA
"207",107,2011,103,21,NA,NA
"208",107,2029,103,21,0,56
"209",107,3050,103,32,0,56
"210",107,3056,103,32,NA,NA
"211",107,3114,103,32,0,56
"212",107,7837,103,79,0,56
"213",107,7848,103,79,NA,NA
"214",107,9498,103,96,0,56
"215",107,9500,103,96,0,56
"216",107,9507,103,96,NA,NA
"217",107,9522,103,96,0,56
"218",107,9796,103,99,NA,NA
"219",107,1980,104,21,0,56
"220",107,2008,104,21,NA,NA
"221",107,2048,104,21,0,56
"222",107,3078,104,32,0,56
"223",107,3099,104,32,NA,NA
"224",107,3116,104,32,NA,NA
"225",107,7799,104,79,0,56
"226",107,7811,104,79,NA,NA
"227",107,7850,104,79,0,56
"228",107,7861,104,79,NA,NA
"229",107,9542,104,96,NA,NA
"230",107,9802,104,99,NA,NA
"231",107,956,105,10,NA,NA
"232",107,1990,105,21,NA,NA
"233",107,3074,105,32,NA,NA
"234",107,3077,105,32,NA,NA
"235",107,7784,105,79,0,56
"236",107,7810,105,79,NA,NA
"237",107,7873,105,79,NA,NA
"238",107,7883,105,79,NA,NA
"239",107,9551,105,96,NA,NA
"240",107,9759,105,99,0,56
"241",107,9789,105,99,0,56
"242",107,976,106,10,0,56
"243",107,2036,106,21,0,56
"244",107,3112,106,32,0,56
"245",107,7801,106,79,0,56
"246",107,7857,106,79,NA,NA
"247",107,7866,106,79,NA,NA
"248",107,9555,106,96,NA,NA
"249",107,9738,106,99,0,56
"250",107,3118,107,32,0,56
"251",107,6090,107,62,NA,NA
"252",107,7797,107,79,0,56
"253",107,7856,107,79,0,56
"254",107,7860,107,79,0,56
"255",107,7875,107,79,0,56
"256",107,9480,107,96,0,56
"257",107,9481,107,96,0,56
"258",107,9520,107,96,NA,NA
"259",107,9540,107,96,NA,NA
"260",107,1967,108,21,0,56
"261",107,2013,108,21,NA,NA
"262",107,2014,108,21,NA,NA
"263",107,2027,108,21,0,56
"264",107,2043,108,21,0,56
"265",107,3044,108,32,NA,NA
"266",107,3062,108,32,0,56
"267",107,3106,108,32,NA,NA
"268",107,3109,108,32,NA,NA
"269",107,7779,108,79,0,56
"270",107,7832,108,79,NA,NA
"271",107,7845,108,79,0,56
"272",107,9530,108,96,0,56
"273",107,9774,108,99,0,56
"274",107,9812,108,99,0,56
"275",107,1001,109,10,NA,NA
"276",107,1983,109,21,NA,NA
"277",107,2028,109,21,NA,NA
"278",107,3058,109,32,0,56
"279",107,6040,109,62,NA,NA
"280",107,7786,109,79,0,56
"281",107,7820,109,79,NA,NA
"282",107,7840,109,79,NA,NA
"283",107,7863,109,79,NA,NA
"284",107,7867,109,79,0,56
"285",107,7876,109,79,NA,NA
"286",107,9453,109,96,0,56
"287",107,9517,109,96,NA,NA
"288",107,9544,109,96,0,56
"289",107,1974,110,21,0,56
"290",107,2025,110,21,NA,NA
"291",107,7796,110,79,0,56
"292",107,7809,110,79,NA,NA
"293",107,7831,110,79,0,56
"294",107,7849,110,79,0,56
"295",107,9459,110,96,NA,NA
"296",107,9486,110,96,NA,NA
"297",107,9794,110,99,0,56
"298",107,923,111,10,NA,NA
"299",107,924,111,10,0,56
"300",107,962,111,10,0,56
"301",107,987,111,10,0,56
"302",107,3101,111,32,0,56
"303",107,7816,111,79,0,56
"304",107,7822,111,79,NA,NA
"305",107,7835,111,79,NA,NA
"306",107,9455,111,96,0,56
"307",107,9456,111,96,NA,NA
"308",107,9458,111,96,NA,NA
"309",107,9468,111,96,0,56
"310",107,9510,111,96,0,56
"311",107,9541,111,96,0,56
"312",107,2024,112,21,NA,NA
"313",107,6026,112,62,NA,NA
"314",107,7834,112,79,0,56
"315",107,7836,112,79,0,56
"316",107,7864,112,79,NA,NA
"317",107,9467,112,96,0,56
"318",107,9484,112,96,NA,NA
"319",107,9519,112,96,0,56
"320",107,9527,112,96,0,56
"321",107,9531,112,96,0,56
"322",107,932,113,10,NA,NA
"323",107,953,113,10,0,56
"324",107,1998,113,21,NA,NA
"325",107,2017,113,21,NA,NA
"326",107,3043,113,32,NA,NA
"327",107,3094,113,32,0,56
"328",107,3102,113,32,NA,NA
"329",107,3125,113,32,NA,NA
"330",107,6032,113,62,0,56
"331",107,6099,113,62,NA,NA
"332",107,7808,113,79,NA,NA
"333",107,7869,113,79,0,56
"334",107,9504,113,96,NA,NA
"335",107,9509,113,96,NA,NA
"336",107,9534,113,96,NA,NA
"337",107,9537,113,96,NA,NA
"338",107,9775,113,99,NA,NA
"339",107,9795,113,99,0,56
"340",107,926,114,10,0,56
"341",107,933,114,10,0,56
"342",107,981,114,10,0,56
"343",107,3059,114,32,0,56
"344",107,3071,114,32,0,56
"345",107,6082,114,62,0,56
"346",107,7802,114,79,0,56
"347",107,7878,114,79,0,56
"348",107,9476,114,96,NA,NA
"349",107,9511,114,96,0,56
"350",107,9514,114,96,0,56
"351",107,9552,114,96,0,56
"352",107,3124,115,32,NA,NA
"353",107,6019,115,62,0,56
"354",107,6075,115,62,0,56
"355",107,7807,115,79,NA,NA
"356",107,7829,115,79,NA,NA
"357",107,9496,115,96,0,56
"358",107,9525,115,96,0,56
"359",107,9546,115,96,NA,NA
"360",107,979,116,10,0,56
"361",107,996,116,10,0,56
"362",107,3067,116,32,NA,NA
"363",107,3108,116,32,0,56
"364",107,6027,116,62,NA,NA
"365",107,7780,116,79,0,56
"366",107,9451,116,96,NA,NA
"367",107,9485,116,96,NA,NA
"368",107,9492,116,96,0,56
"369",107,9521,116,96,0,56
"370",107,9526,116,96,NA,NA
"371",107,9538,116,96,NA,NA
"372",107,9553,116,96,NA,NA
"373",107,2869,117,30,1,56
"374",107,3079,117,32,NA,NA
"375",107,7824,117,79,NA,NA
"376",107,7865,117,79,0,56
"377",107,9454,117,96,0,56
"378",107,9543,117,96,NA,NA
"379",107,9547,117,96,NA,NA
"380",107,9730,117,99,NA,NA
"381",107,9814,117,99,0,56
"382",107,9815,117,99,0,56
"383",107,971,118,10,0,56
"384",107,991,118,10,NA,NA
"385",107,1986,118,21,NA,NA
"386",107,1991,118,21,NA,NA
"387",107,3047,118,32,NA,NA
"388",107,3048,118,32,0,56
"389",107,3084,118,32,0,56
"390",107,6071,118,62,0,56
"391",107,6100,118,62,0,56
"392",107,9488,118,96,0,56
"393",107,9501,118,96,0,56
"394",107,9523,118,96,0,56
"395",107,9749,118,99,0,56
"396",107,966,119,10,0,56
"397",107,998,119,10,0,56
"398",107,2034,119,21,NA,NA
"399",107,3080,119,32,0,56
"400",107,3085,119,32,0,56
"401",107,3110,119,32,NA,NA
"402",107,7854,119,79,0,56
"403",107,9493,119,96,0,56
"404",107,9502,119,96,NA,NA
"405",107,9548,119,96,0,56
"406",107,959,120,10,0,56
"407",107,969,120,10,NA,NA
"408",107,978,120,10,0,56
"409",107,985,120,10,NA,NA
"410",107,1970,120,21,NA,NA
"411",107,3049,120,32,NA,NA
"412",107,3068,120,32,0,56
"413",107,6058,120,62,NA,NA
"414",107,7821,120,79,NA,NA
"415",107,9462,120,96,0,56
"416",107,9478,120,96,0,56
"417",107,9479,120,96,0,56
"418",107,9490,120,96,0,56
"419",107,9491,120,96,NA,NA
"420",107,9508,120,96,NA,NA
"421",107,9524,120,96,NA,NA
"422",107,9535,120,96,0,56
"423",107,9539,120,96,0,56
"424",107,9550,120,96,0,56
"425",107,9773,120,99,0,56
"426",107,968,121,10,NA,NA
"427",107,2864,121,30,1,56
"428",107,3070,121,32,0,56
"429",107,6016,121,62,0,56
"430",107,6049,121,62,NA,NA
"431",107,6055,121,62,NA,NA
"432",107,9452,121,96,0,56
"433",107,9466,121,96,NA,NA
"434",107,9475,121,96,0,56
"435",107,9477,121,96,NA,NA
"436",107,9487,121,96,0,56
"437",107,9518,121,96,0,56
"438",107,9528,121,96,0,56
"439",107,9536,121,96,NA,NA
"440",107,944,122,10,NA,NA
"441",107,995,122,10,NA,NA
"442",107,3096,122,32,0,56
"443",107,9472,122,96,NA,NA
"444",107,9483,122,96,0,56
"445",107,9515,122,96,0,56
"446",107,939,123,10,NA,NA
"447",107,997,123,10,0,56
"448",107,3053,123,32,NA,NA
"449",107,6067,123,62,NA,NA
"450",107,6091,123,62,NA,NA
"451",107,6097,123,62,0,56
"452",107,7871,123,79,0,56
"453",107,9450,123,96,NA,NA
"454",107,9471,123,96,NA,NA
"455",107,9494,123,96,NA,NA
"456",107,9549,123,96,NA,NA
"457",107,9793,123,99,NA,NA
"458",107,921,124,10,0,56
"459",107,934,124,10,0,56
"460",107,958,124,10,0,56
"461",107,972,124,10,0,56
"462",107,973,124,10,NA,NA
"463",107,974,124,10,NA,NA
"464",107,984,124,10,NA,NA
"465",107,993,124,10,0,56
"466",107,6030,124,62,0,56
"467",107,6042,124,62,NA,NA
"468",107,9554,124,96,NA,NA
"469",107,9821,124,99,0,56
"470",107,943,125,10,NA,NA
"471",107,999,125,10,NA,NA
"472",107,1993,125,21,0,56
"473",107,2021,125,21,0,56
"474",107,3040,125,32,NA,NA
"475",107,3057,125,32,NA,NA
"476",107,3081,125,32,NA,NA
"477",107,6035,125,62,0,56
"478",107,9465,125,96,NA,NA
"479",107,2792,126,29,0,56
"480",107,2845,126,30,NA,NA
"481",107,2894,126,30,1,56
"482",107,2904,126,30,NA,NA
"483",107,3073,126,32,0,56
"484",107,3076,126,32,0,56
"485",107,3104,126,32,0,56
"486",107,6062,126,62,NA,NA
"487",107,9470,126,96,0,56
"488",107,9505,126,96,NA,NA
"489",107,935,127,10,0,56
"490",107,946,127,10,0,56
"491",107,2045,127,21,NA,NA
"492",107,9461,127,96,NA,NA
"493",107,9473,127,96,NA,NA
"494",107,9506,127,96,0,56
"495",107,919,128,10,NA,NA
"496",107,928,128,10,NA,NA
"497",107,931,128,10,NA,NA
"498",107,949,128,10,NA,NA
"499",107,970,128,10,0,56
"500",107,3119,128,32,NA,NA
"501",107,6038,128,62,0,56
"502",107,6094,128,62,NA,NA
"503",107,9516,128,96,NA,NA
"504",107,9532,128,96,NA,NA
"505",107,6063,129,62,NA,NA
"506",107,9499,129,96,NA,NA
"507",107,9512,129,96,0,56
"508",107,920,130,10,NA,NA
"509",107,930,130,10,0,56
"510",107,963,130,10,NA,NA
"511",107,989,130,10,0,56
"512",107,990,130,10,0,56
"513",107,1000,130,10,NA,NA
"514",107,1204,130,12,NA,NA
"515",107,2883,130,30,1,56
"516",107,3051,130,32,0,56
"517",107,9503,130,96,0,56
"518",107,2765,131,29,0,56
"519",107,3055,131,32,NA,NA
"520",107,6080,131,62,NA,NA
"521",107,983,132,10,0,56
"522",107,2839,132,30,NA,NA
"523",107,2872,132,30,1,56
"524",107,2892,132,30,NA,NA
"525",107,6024,132,62,NA,NA
"526",107,6029,132,62,NA,NA
"527",107,6031,132,62,0,56
"528",107,6103,132,62,0,56
"529",107,9832,132,100,NA,NA
"530",107,936,133,10,NA,NA
"531",107,940,133,10,NA,NA
"532",107,948,133,10,NA,NA
"533",107,975,133,10,NA,NA
"534",107,2826,133,29,0,56
"535",107,2905,133,30,NA,NA
"536",107,2925,133,30,NA,NA
"537",107,3100,133,32,0,56
"538",107,3120,133,32,NA,NA
"539",107,6052,133,62,NA,NA
"540",107,6056,133,62,0,56
"541",107,6079,133,62,0,56
"542",107,9533,133,96,NA,NA
"543",107,918,134,10,0,56
"544",107,961,134,10,0,56
"545",107,982,134,10,NA,NA
"546",107,6041,134,62,NA,NA
"547",107,6064,134,62,0,56
"548",107,6069,134,62,NA,NA
"549",107,6072,134,62,0,56
"550",107,1140,135,12,0,56
"551",107,2844,135,30,1,56
"552",107,2907,135,30,1,56
"553",107,3083,135,32,0,56
"554",107,3123,135,32,0,56
"555",107,9460,135,96,0,56
"556",107,9469,135,96,0,56
"557",107,1002,136,10,NA,NA
"558",107,1006,136,10,0,56
"559",107,6022,136,62,0,56
"560",107,6033,136,62,0,56
"561",107,6045,136,62,NA,NA
"562",107,6081,136,62,0,56
"563",107,9464,136,96,NA,NA
"564",107,2806,137,29,0,56
"565",107,3126,137,32,NA,NA
"566",107,6044,137,62,NA,NA
"567",107,439,138,5,NA,NA
"568",107,922,138,10,0,56
"569",107,945,138,10,0,56
"570",107,977,138,10,NA,NA
"571",107,980,138,10,0,56
"572",107,2747,138,29,NA,NA
"573",107,2778,138,29,NA,NA
"574",107,2835,138,30,NA,NA
"575",107,2879,138,30,1,56
"576",107,6068,138,62,NA,NA
"577",107,6084,138,62,0,56
"578",107,6088,138,62,NA,NA
"579",107,9529,138,96,0,56
"580",107,2841,139,30,NA,NA
"581",107,2851,139,30,NA,NA
"582",107,2860,139,30,1,56
"583",107,2874,139,30,NA,NA
"584",107,2891,139,30,NA,NA
"585",107,2929,139,30,NA,NA
"586",107,3122,139,32,NA,NA
"587",107,6043,139,62,0,56
"588",107,6061,139,62,NA,NA
"589",107,6073,139,62,NA,NA
"590",107,6076,139,62,NA,NA
"591",107,9182,139,93,NA,NA
"592",107,967,140,10,0,56
"593",107,1005,140,10,0,56
"594",107,1141,140,12,0,56
"595",107,1176,140,12,0,56
"596",107,1179,140,12,NA,NA
"597",107,2837,140,30,1,56
"598",107,2878,140,30,1,56
"599",107,3087,140,32,NA,NA
"600",107,6077,140,62,0,56
"601",107,6083,140,62,NA,NA
"602",107,6092,140,62,NA,NA
"603",107,6101,140,62,0,56
"604",107,927,141,10,NA,NA
"605",107,1166,141,12,0,56
"606",107,2752,141,29,0,56
"607",107,2857,141,30,NA,NA
"608",107,2875,141,30,1,56
"609",107,6037,141,62,0,56
"610",107,6048,141,62,NA,NA
"611",107,954,142,10,NA,NA
"612",107,1134,142,12,0,56
"613",107,1183,142,12,0,56
"614",107,2884,142,30,NA,NA
"615",107,2889,142,30,1,56
"616",107,2913,142,30,NA,NA
"617",107,6098,142,62,0,56
"618",107,929,143,10,0,56
"619",107,942,143,10,0,56
"620",107,947,143,10,NA,NA
"621",107,994,143,10,NA,NA
"622",107,2854,143,30,1,56
"623",107,2876,143,30,NA,NA
"624",107,2909,143,30,NA,NA
"625",107,2914,143,30,1,56
"626",107,6087,143,62,NA,NA
"627",107,9463,143,96,NA,NA
"628",107,9839,143,100,0,56
"629",107,2751,144,29,NA,NA
"630",107,2801,144,29,NA,NA
"631",107,2867,144,30,1,56
"632",107,2906,144,30,NA,NA
"633",107,2923,144,30,1,56
"634",107,2924,144,30,1,56
"635",107,6017,144,62,0,56
"636",107,6020,144,62,0,56
"637",107,6051,144,62,0,56
"638",107,6096,144,62,0,56
"639",107,436,145,5,0,56
"640",107,459,145,5,0,56
"641",107,1206,145,12,0,56
"642",107,2771,145,29,NA,NA
"643",107,2830,145,29,0,56
"644",107,6050,145,62,0,56
"645",107,938,146,10,NA,NA
"646",107,1144,146,12,0,56
"647",107,1164,146,12,0,56
"648",107,1165,146,12,0,56
"649",107,1170,146,12,NA,NA
"650",107,2744,146,29,0,56
"651",107,2745,146,29,0,56
"652",107,2754,146,29,NA,NA
"653",107,2800,146,29,0,56
"654",107,2813,146,29,0,56
"655",107,2827,146,29,0,56
"656",107,2862,146,30,NA,NA
"657",107,2873,146,30,1,56
"658",107,2880,146,30,NA,NA
"659",107,2922,146,30,NA,NA
"660",107,2930,146,30,NA,NA
"661",107,6018,146,62,0,56
"662",107,6047,146,62,0,56
"663",107,6065,146,62,NA,NA
"664",107,6074,146,62,NA,NA
"665",107,9160,146,93,1,56
"666",107,1139,147,12,0,56
"667",107,1167,147,12,NA,NA
"668",107,2805,147,29,NA,NA
"669",107,2863,147,30,NA,NA
"670",107,2865,147,30,NA,NA
"671",107,2870,147,30,1,56
"672",107,2927,147,30,NA,NA
"673",107,9222,147,93,NA,NA
"674",107,9238,147,93,1,56
"675",107,964,148,10,NA,NA
"676",107,1145,148,12,NA,NA
"677",107,1156,148,12,NA,NA
"678",107,1210,148,12,0,56
"679",107,1214,148,12,0,56
"680",107,2757,148,29,0,56
"681",107,2817,148,29,NA,NA
"682",107,2868,148,30,1,56
"683",107,2881,148,30,NA,NA
"684",107,2915,148,30,NA,NA
"685",107,6066,148,62,NA,NA
"686",107,6086,148,62,0,56
"687",107,9180,148,93,1,56
"688",107,468,149,5,NA,NA
"689",107,475,149,5,NA,NA
"690",107,2759,149,29,NA,NA
"691",107,2810,149,29,NA,NA
"692",107,2824,149,29,0,56
"693",107,2895,149,30,1,56
"694",107,2911,149,30,1,56
"695",107,3064,149,32,NA,NA
"696",107,4173,149,43,NA,NA
"697",107,6023,149,62,0,56
"698",107,6053,149,62,0,56
"699",107,6102,149,62,0,56
"700",107,9178,149,93,1,56
"701",107,9829,149,100,0,56
"702",107,493,150,5,NA,NA
"703",107,952,150,10,0,56
"704",107,960,150,10,NA,NA
"705",107,1003,150,10,0,56
"706",107,1126,150,12,NA,NA
"707",107,1142,150,12,NA,NA
"708",107,1161,150,12,0,56
"709",107,1188,150,12,0,56
"710",107,2766,150,29,0,56
"711",107,2842,150,30,NA,NA
"712",107,2848,150,30,1,56
"713",107,2896,150,30,NA,NA
"714",107,2897,150,30,1,56
"715",107,2919,150,30,NA,NA
"716",107,3075,150,32,NA,NA
"717",107,6611,150,67,NA,NA
"718",107,9179,150,93,NA,NA
"719",107,1146,151,12,NA,NA
"720",107,1193,151,12,NA,NA
"721",107,1211,151,12,NA,NA
"722",107,2748,151,29,0,56
"723",107,2776,151,29,NA,NA
"724",107,2885,151,30,NA,NA
"725",107,2921,151,30,1,56
"726",107,6036,151,62,0,56
"727",107,6095,151,62,NA,NA
"728",107,450,152,5,0,56
"729",107,461,152,5,NA,NA
"730",107,992,152,10,0,56
"731",107,1198,152,12,NA,NA
"732",107,2838,152,30,NA,NA
"733",107,2856,152,30,1,56
"734",107,2910,152,30,1,56
"735",107,9205,152,93,1,56
"736",107,9216,152,93,NA,NA
"737",107,9603,152,97,0,56
"738",107,514,153,5,0,56
"739",107,937,153,10,NA,NA
"740",107,1128,153,12,0,56
"741",107,1130,153,12,0,56
"742",107,1163,153,12,NA,NA
"743",107,1180,153,12,0,56
"744",107,1187,153,12,NA,NA
"745",107,1197,153,12,0,56
"746",107,1208,153,12,NA,NA
"747",107,2755,153,29,NA,NA
"748",107,2758,153,29,NA,NA
"749",107,2760,153,29,0,56
"750",107,2789,153,29,NA,NA
"751",107,2797,153,29,0,56
"752",107,2840,153,30,1,56
"753",107,2850,153,30,NA,NA
"754",107,2890,153,30,1,56
"755",107,2901,153,30,NA,NA
"756",107,6070,153,62,NA,NA
"757",107,466,154,5,0,56
"758",107,483,154,5,0,56
"759",107,497,154,5,NA,NA
"760",107,1138,154,12,NA,NA
"761",107,1153,154,12,0,56
"762",107,1162,154,12,NA,NA
"763",107,1168,154,12,NA,NA
"764",107,1175,154,12,NA,NA
"765",107,2750,154,29,0,56
"766",107,2770,154,29,0,56
"767",107,2807,154,29,0,56
"768",107,6021,154,62,0,56
"769",107,6046,154,62,NA,NA
"770",107,9836,154,100,0,56
"771",107,9865,154,100,0,56
"772",107,1133,155,12,0,56
"773",107,1148,155,12,NA,NA
"774",107,1173,155,12,0,56
"775",107,1185,155,12,0,56
"776",107,1199,155,12,NA,NA
"777",107,1216,155,12,NA,NA
"778",107,2439,155,26,NA,NA
"779",107,2815,155,29,0,56
"780",107,2834,155,30,1,56
"781",107,2918,155,30,1,56
"782",107,6089,155,62,NA,NA
"783",107,9245,155,93,1,56
"784",107,9513,155,96,NA,NA
"785",107,1150,156,12,0,56
"786",107,1181,156,12,0,56
"787",107,1182,156,12,NA,NA
"788",107,2775,156,29,0,56
"789",107,2785,156,29,0,56
"790",107,2788,156,29,NA,NA
"791",107,2812,156,29,0,56
"792",107,2877,156,30,NA,NA
"793",107,2882,156,30,NA,NA
"794",107,2886,156,30,1,56
"795",107,2893,156,30,NA,NA
"796",107,2908,156,30,NA,NA
"797",107,2916,156,30,1,56
"798",107,2920,156,30,NA,NA
"799",107,454,157,5,NA,NA
"800",107,477,157,5,NA,NA
"801",107,478,157,5,0,56
"802",107,499,157,5,NA,NA
"803",107,1127,157,12,NA,NA
"804",107,1186,157,12,0,56
"805",107,1202,157,12,0,56
"806",107,2846,157,30,1,56
"807",107,2855,157,30,1,56
"808",107,4164,157,43,0,56
"809",107,427,158,5,0,56
"810",107,438,158,5,0,56
"811",107,449,158,5,NA,NA
"812",107,515,158,5,NA,NA
"813",107,1157,158,12,0,56
"814",107,2795,158,29,NA,NA
"815",107,6078,158,62,0,56
"816",107,9168,158,93,1,56
"817",107,457,159,5,NA,NA
"818",107,458,159,5,NA,NA
"819",107,1147,159,12,0,56
"820",107,1190,159,12,0,56
"821",107,2746,159,29,0,56
"822",107,2761,159,29,NA,NA
"823",107,2783,159,29,NA,NA
"824",107,2821,159,29,0,56
"825",107,2823,159,29,0,56
"826",107,2847,159,30,1,56
"827",107,2852,159,30,NA,NA
"828",107,2888,159,30,NA,NA
"829",107,2917,159,30,NA,NA
"830",107,3107,159,32,0,56
"831",107,447,160,5,0,56
"832",107,471,160,5,NA,NA
"833",107,504,160,5,NA,NA
"834",107,512,160,5,0,56
"835",107,1158,160,12,0,56
"836",107,1213,160,12,NA,NA
"837",107,2749,160,29,NA,NA
"838",107,2793,160,29,0,56
"839",107,2804,160,29,0,56
"840",107,2818,160,29,NA,NA
"841",107,2853,160,30,NA,NA
"842",107,2866,160,30,1,56
"843",107,2887,160,30,1,56
"844",107,6054,160,62,0,56
"845",107,9163,160,93,NA,NA
"846",107,9196,160,93,NA,NA
"847",107,9850,160,100,NA,NA
"848",107,480,161,5,NA,NA
"849",107,508,161,5,0,56
"850",107,1149,161,12,0,56
"851",107,1160,161,12,NA,NA
"852",107,1201,161,12,NA,NA
"853",107,1205,161,12,0,56
"854",107,2772,161,29,0,56
"855",107,2809,161,29,NA,NA
"856",107,9191,161,93,1,56
"857",107,9602,161,97,NA,NA
"858",107,467,162,5,0,56
"859",107,1132,162,12,0,56
"860",107,1136,162,12,0,56
"861",107,1155,162,12,NA,NA
"862",107,1192,162,12,NA,NA
"863",107,2445,162,26,0,56
"864",107,2774,162,29,NA,NA
"865",107,2831,162,29,0,56
"866",107,2843,162,30,NA,NA
"867",107,2858,162,30,1,56
"868",107,2926,162,30,1,56
"869",107,9844,162,100,NA,NA
"870",107,9869,162,100,0,56
"871",107,509,163,5,NA,NA
"872",107,1171,163,12,NA,NA
"873",107,1172,163,12,NA,NA
"874",107,2544,163,26,0,56
"875",107,2550,163,26,0,56
"876",107,2819,163,29,NA,NA
"877",107,2900,163,30,1,56
"878",107,9851,163,100,0,56
"879",107,9895,163,100,0,56
"880",107,434,164,5,0,56
"881",107,440,164,5,0,56
"882",107,2796,164,29,NA,NA
"883",107,2820,164,29,NA,NA
"884",107,2822,164,29,NA,NA
"885",107,2825,164,29,0,56
"886",107,4169,164,43,0,56
"887",107,6025,164,62,NA,NA
"888",107,9854,164,100,0,56
"889",107,9884,164,100,0,56
"890",107,446,165,5,0,56
"891",107,451,165,5,NA,NA
"892",107,456,165,5,0,56
"893",107,479,165,5,NA,NA
"894",107,482,165,5,NA,NA
"895",107,502,165,5,0,56
"896",107,506,165,5,0,56
"897",107,2756,165,29,NA,NA
"898",107,2767,165,29,NA,NA
"899",107,2798,165,29,NA,NA
"900",107,9164,165,93,1,56
"901",107,9211,165,93,1,56
"902",107,464,166,5,NA,NA
"903",107,1129,166,12,NA,NA
"904",107,1135,166,12,0,56
"905",107,1169,166,12,NA,NA
"906",107,2777,166,29,0,56
"907",107,2871,166,30,1,56
"908",107,2898,166,30,1,56
"909",107,2899,166,30,NA,NA
"910",107,2903,166,30,NA,NA
"911",107,6085,166,62,NA,NA
"912",107,432,167,5,0,56
"913",107,435,167,5,0,56
"914",107,444,167,5,0,56
"915",107,1184,167,12,0,56
"916",107,2780,167,29,0,56
"917",107,7622,167,77,NA,NA
"918",107,9195,167,93,NA,NA
"919",107,9876,167,100,0,56
"920",107,492,168,5,NA,NA
"921",107,507,168,5,0,56
"922",107,2762,168,29,NA,NA
"923",107,9614,168,97,NA,NA
"924",107,9828,168,100,NA,NA
"925",107,9873,168,100,NA,NA
"926",107,9881,168,100,NA,NA
"927",107,429,169,5,0,56
"928",107,473,169,5,0,56
"929",107,496,169,5,NA,NA
"930",107,498,169,5,NA,NA
"931",107,1137,169,12,NA,NA
"932",107,1174,169,12,NA,NA
"933",107,1209,169,12,0,56
"934",107,1212,169,12,0,56
"935",107,2781,169,29,NA,NA
"936",107,4406,169,46,NA,NA
"937",107,9225,169,93,NA,NA
"938",107,428,170,5,NA,NA
"939",107,443,170,5,0,56
"940",107,460,170,5,NA,NA
"941",107,463,170,5,0,56
"942",107,465,170,5,0,56
"943",107,513,170,5,NA,NA
"944",107,1159,170,12,NA,NA
"945",107,1178,170,12,NA,NA
"946",107,1618,170,17,NA,NA
"947",107,2456,170,26,NA,NA
"948",107,2791,170,29,0,56
"949",107,2829,170,29,NA,NA
"950",107,2849,170,30,NA,NA
"951",107,9188,170,93,NA,NA
"952",107,9210,170,93,1,56
"953",107,9897,170,100,0,56
"954",107,505,171,5,NA,NA
"955",107,1152,171,12,NA,NA
"956",107,1177,171,12,NA,NA
"957",107,2495,171,26,NA,NA
"958",107,4175,171,43,NA,NA
"959",107,9900,171,100,NA,NA
"960",107,431,172,5,NA,NA
"961",107,437,172,5,NA,NA
"962",107,445,172,5,NA,NA
"963",107,1154,172,12,0,56
"964",107,2743,172,29,NA,NA
"965",107,2828,172,29,0,56
"966",107,4172,172,43,0,56
"967",107,9171,172,93,NA,NA
"968",107,9226,172,93,1,56
"969",107,9242,172,93,NA,NA
"970",107,9824,172,100,NA,NA
"971",107,9837,172,100,0,56
"972",107,9847,172,100,NA,NA
"973",107,486,173,5,NA,NA
"974",107,1189,173,12,NA,NA
"975",107,2460,173,26,0,56
"976",107,2468,173,26,0,56
"977",107,2814,173,29,0,56
"978",107,9634,173,97,0,56
"979",107,9826,173,100,NA,NA
"980",107,9827,173,100,0,56
"981",107,9880,173,100,0,56
"982",107,433,174,5,0,56
"983",107,448,174,5,0,56
"984",107,481,174,5,0,56
"985",107,503,174,5,NA,NA
"986",107,2493,174,26,NA,NA
"987",107,2537,174,26,0,56
"988",107,2808,174,29,NA,NA
"989",107,9247,174,93,1,56
"990",107,491,175,5,NA,NA
"991",107,1131,175,12,NA,NA
"992",107,2763,175,29,0,56
"993",107,2773,175,29,0,56
"994",107,4497,175,46,NA,NA
"995",107,9241,175,93,NA,NA
"996",107,9601,175,97,NA,NA
"997",107,9825,175,100,NA,NA
"998",107,9852,175,100,0,56
"999",107,9872,175,100,NA,NA
"1000",107,9904,175,100,0,56
"1001",107,441,176,5,NA,NA
"1002",107,511,176,5,0,56
"1003",107,2501,176,26,0,56
"1004",107,2802,176,29,0,56
"1005",107,7606,176,77,0,56
"1006",107,9166,176,93,1,56
"1007",107,9234,176,93,NA,NA
"1008",107,9562,176,97,0,56
"1009",107,9633,176,97,NA,NA
"1010",107,9859,176,100,NA,NA
"1011",107,9861,176,100,0,56
"1012",107,9886,176,100,0,56
"1013",107,9893,176,100,NA,NA
"1014",107,442,177,5,NA,NA
"1015",107,470,177,5,0,56
"1016",107,472,177,5,0,56
"1017",107,501,177,5,0,56
"1018",107,1203,177,12,NA,NA
"1019",107,2454,177,26,NA,NA
"1020",107,2490,177,26,0,56
"1021",107,2503,177,26,0,56
"1022",107,2786,177,29,NA,NA
"1023",107,2803,177,29,NA,NA
"1024",107,4414,177,46,NA,NA
"1025",107,9235,177,93,1,56
"1026",107,9573,177,97,0,56
"1027",107,9611,177,97,0,56
"1028",107,9613,177,97,NA,NA
"1029",107,9617,177,97,NA,NA
"1030",107,9866,177,100,0,56
"1031",107,430,178,5,NA,NA
"1032",107,469,178,5,NA,NA
"1033",107,488,178,5,0,56
"1034",107,489,178,5,NA,NA
"1035",107,500,178,5,NA,NA
"1036",107,510,178,5,0,56
"1037",107,1195,178,12,0,56
"1038",107,2472,178,26,NA,NA
"1039",107,2769,178,29,0,56
"1040",107,2787,178,29,NA,NA
"1041",107,4148,178,43,NA,NA
"1042",107,9189,178,93,NA,NA
"1043",107,9252,178,93,1,56
"1044",107,9842,178,100,NA,NA
"1045",107,9848,178,100,NA,NA
"1046",107,9888,178,100,0,56
"1047",107,2931,179,30,1,56
"1048",107,4124,179,43,0,56
"1049",107,4277,179,44,NA,NA
"1050",107,9830,179,100,0,56
"1051",107,9856,179,100,0,56
"1052",107,9887,179,100,NA,NA
"1053",107,2485,180,26,0,56
"1054",107,2912,180,30,1,56
"1055",107,4119,180,43,0,56
"1056",107,9843,180,100,0,56
"1057",107,9853,180,100,NA,NA
"1058",107,9891,180,100,NA,NA
"1059",107,2532,181,26,0,56
"1060",107,2794,181,29,0,56
"1061",107,4177,181,43,NA,NA
"1062",107,4405,181,46,0,56
"1063",107,9882,181,100,0,56
"1064",107,453,182,5,0,56
"1065",107,487,182,5,0,56
"1066",107,1492,182,16,NA,NA
"1067",107,7574,182,77,0,56
"1068",107,7621,182,77,NA,NA
"1069",107,9176,182,93,1,56
"1070",107,9192,182,93,1,56
"1071",107,9233,182,93,NA,NA
"1072",107,9246,182,93,NA,NA
"1073",107,9635,182,97,NA,NA
"1074",107,234,183,3,NA,NA
"1075",107,455,183,5,0,56
"1076",107,1215,183,12,NA,NA
"1077",107,2462,183,26,NA,NA
"1078",107,2475,183,26,0,56
"1079",107,2523,183,26,NA,NA
"1080",107,2764,183,29,0,56
"1081",107,2782,183,29,NA,NA
"1082",107,2799,183,29,0,56
"1083",107,9173,183,93,NA,NA
"1084",107,9557,183,97,NA,NA
"1085",107,9584,183,97,0,56
"1086",107,9587,183,97,0,56
"1087",107,9594,183,97,0,56
"1088",107,9595,183,97,NA,NA
"1089",107,9841,183,100,0,56
"1090",107,9846,183,100,0,56
"1091",107,9877,183,100,0,56
"1092",107,9903,183,100,NA,NA
"1093",107,9913,183,100,NA,NA
"1094",107,476,184,5,0,56
"1095",107,485,184,5,0,56
"1096",107,1143,184,12,0,56
"1097",107,2437,184,26,NA,NA
"1098",107,2512,184,26,0,56
"1099",107,2768,184,29,NA,NA
"1100",107,4122,184,43,0,56
"1101",107,4199,184,44,NA,NA
"1102",107,9194,184,93,NA,NA
"1103",107,9571,184,97,0,56
"1104",107,9583,184,97,0,56
"1105",107,9600,184,97,NA,NA
"1106",107,9834,184,100,NA,NA
"1107",107,9845,184,100,NA,NA
"1108",107,9860,184,100,NA,NA
"1109",107,9878,184,100,NA,NA
"1110",107,9906,184,100,0,56
"1111",107,495,185,5,NA,NA
"1112",107,1200,185,12,0,56
"1113",107,2466,185,26,NA,NA
"1114",107,2480,185,26,NA,NA
"1115",107,2486,185,26,0,56
"1116",107,2502,185,26,NA,NA
"1117",107,2506,185,26,0,56
"1118",107,2508,185,26,NA,NA
"1119",107,2816,185,29,0,56
"1120",107,4247,185,44,NA,NA
"1121",107,9174,185,93,NA,NA
"1122",107,9559,185,97,NA,NA
"1123",107,9857,185,100,0,56
"1124",107,9871,185,100,0,56
"1125",107,9898,185,100,0,56
"1126",107,9909,185,100,0,56
"1127",107,1504,186,16,NA,NA
"1128",107,2452,186,26,NA,NA
"1129",107,2487,186,26,NA,NA
"1130",107,2489,186,26,0,56
"1131",107,2504,186,26,NA,NA
"1132",107,2549,186,26,NA,NA
"1133",107,3959,186,41,0,56
"1134",107,4095,186,43,NA,NA
"1135",107,4126,186,43,NA,NA
"1136",107,4174,186,43,0,56
"1137",107,4437,186,46,0,56
"1138",107,7580,186,77,0,56
"1139",107,9177,186,93,NA,NA
"1140",107,9616,186,97,NA,NA
"1141",107,9867,186,100,NA,NA
"1142",107,1593,187,16,NA,NA
"1143",107,2093,187,22,NA,NA
"1144",107,2464,187,26,NA,NA
"1145",107,2499,187,26,NA,NA
"1146",107,2507,187,26,NA,NA
"1147",107,2509,187,26,0,56
"1148",107,2528,187,26,0,56
"1149",107,4101,187,43,NA,NA
"1150",107,4132,187,43,0,56
"1151",107,9230,187,93,NA,NA
"1152",107,9833,187,100,0,56
"1153",107,9908,187,100,0,56
"1154",107,9911,187,100,NA,NA
"1155",107,1560,188,16,NA,NA
"1156",107,4159,188,43,0,56
"1157",107,4180,188,43,NA,NA
"1158",107,4436,188,46,0,56
"1159",107,7565,188,77,0,56
"1160",107,9596,188,97,0,56
"1161",107,9606,188,97,NA,NA
"1162",107,9912,188,100,0,56
"1163",107,237,189,3,1,56
"1164",107,1496,189,16,NA,NA
"1165",107,2467,189,26,NA,NA
"1166",107,2494,189,26,0,56
"1167",107,2496,189,26,0,56
"1168",107,2543,189,26,0,56
"1169",107,4129,189,43,NA,NA
"1170",107,4145,189,43,0,56
"1171",107,4162,189,43,NA,NA
"1172",107,7668,189,77,NA,NA
"1173",107,9207,189,93,1,56
"1174",107,9251,189,93,1,56
"1175",107,9569,189,97,NA,NA
"1176",107,9576,189,97,NA,NA
"1177",107,9582,189,97,NA,NA
"1178",107,9621,189,97,0,56
"1179",107,474,190,5,0,56
"1180",107,2436,190,26,0,56
"1181",107,2442,190,26,NA,NA
"1182",107,2457,190,26,NA,NA
"1183",107,2511,190,26,NA,NA
"1184",107,2538,190,26,0,56
"1185",107,4135,190,43,0,56
"1186",107,4147,190,43,0,56
"1187",107,4260,190,44,NA,NA
"1188",107,4496,190,46,NA,NA
"1189",107,7581,190,77,0,56
"1190",107,7608,190,77,0,56
"1191",107,9184,190,93,1,56
"1192",107,9563,190,97,NA,NA
"1193",107,9607,190,97,NA,NA
"1194",107,9619,190,97,0,56
"1195",107,9620,190,97,NA,NA
"1196",107,9838,190,100,NA,NA
"1197",107,9907,190,100,NA,NA
"1198",107,324,191,3,NA,NA
"1199",107,2469,191,26,0,56
"1200",107,2482,191,26,0,56
"1201",107,2483,191,26,NA,NA
"1202",107,2492,191,26,NA,NA
"1203",107,2497,191,26,NA,NA
"1204",107,2515,191,26,0,56
"1205",107,4107,191,43,NA,NA
"1206",107,4266,191,44,1,56
"1207",107,4470,191,46,NA,NA
"1208",107,4487,191,46,0,56
"1209",107,4498,191,46,NA,NA
"1210",107,7604,191,77,0,56
"1211",107,7650,191,77,NA,NA
"1212",107,9201,191,93,1,56
"1213",107,9223,191,93,NA,NA
"1214",107,9236,191,93,NA,NA
"1215",107,9558,191,97,NA,NA
"1216",107,9561,191,97,0,56
"1217",107,9564,191,97,NA,NA
"1218",107,9615,191,97,0,56
"1219",107,9623,191,97,0,56
"1220",107,9636,191,97,0,56
"1221",107,9637,191,97,NA,NA
"1222",107,318,192,3,1,56
"1223",107,1509,192,16,NA,NA
"1224",107,2477,192,26,0,56
"1225",107,2525,192,26,NA,NA
"1226",107,2533,192,26,0,56
"1227",107,2536,192,26,NA,NA
"1228",107,2540,192,26,NA,NA
"1229",107,2547,192,26,0,56
"1230",107,3801,192,40,0,56
"1231",107,3938,192,41,0,56
"1232",107,4092,192,43,NA,NA
"1233",107,4104,192,43,NA,NA
"1234",107,4125,192,43,NA,NA
"1235",107,4459,192,46,0,56
"1236",107,4460,192,46,NA,NA
"1237",107,4471,192,46,NA,NA
"1238",107,7597,192,77,NA,NA
"1239",107,7609,192,77,0,56
"1240",107,9187,192,93,NA,NA
"1241",107,9199,192,93,NA,NA
"1242",107,9248,192,93,1,56
"1243",107,9254,192,93,1,56
"1244",107,9585,192,97,0,56
"1245",107,9863,192,100,0,56
"1246",107,9864,192,100,NA,NA
"1247",107,9875,192,100,0,56
"1248",107,286,193,3,1,56
"1249",107,292,193,3,NA,NA
"1250",107,1551,193,16,1,56
"1251",107,2529,193,26,NA,NA
"1252",107,4120,193,43,0,56
"1253",107,4123,193,43,0,56
"1254",107,4241,193,44,1,56
"1255",107,4445,193,46,0,56
"1256",107,4494,193,46,NA,NA
"1257",107,7655,193,77,0,56
"1258",107,9556,193,97,0,56
"1259",107,9568,193,97,0,56
"1260",107,9574,193,97,NA,NA
"1261",107,9604,193,97,NA,NA
"1262",107,9608,193,97,0,56
"1263",107,9822,193,100,NA,NA
"1264",107,9874,193,100,NA,NA
"1265",107,9905,193,100,0,56
"1266",107,269,194,3,NA,NA
"1267",107,1559,194,16,1,56
"1268",107,2514,194,26,NA,NA
"1269",107,3998,194,41,0,56
"1270",107,4093,194,43,NA,NA
"1271",107,4117,194,43,NA,NA
"1272",107,4395,194,46,0,56
"1273",107,4429,194,46,NA,NA
"1274",107,7577,194,77,0,56
"1275",107,7625,194,77,0,56
"1276",107,9181,194,93,1,56
"1277",107,9209,194,93,1,56
"1278",107,9577,194,97,0,56
"1279",107,9589,194,97,0,56
"1280",107,9597,194,97,NA,NA
"1281",107,9609,194,97,NA,NA
"1282",107,9624,194,97,NA,NA
"1283",107,9631,194,97,0,56
"1284",107,9870,194,100,NA,NA
"1285",107,1534,195,16,NA,NA
"1286",107,1550,195,16,NA,NA
"1287",107,2450,195,26,NA,NA
"1288",107,2471,195,26,NA,NA
"1289",107,2479,195,26,0,56
"1290",107,2545,195,26,NA,NA
"1291",107,4114,195,43,0,56
"1292",107,4136,195,43,0,56
"1293",107,4152,195,43,0,56
"1294",107,4156,195,43,0,56
"1295",107,4168,195,43,NA,NA
"1296",107,4253,195,44,NA,NA
"1297",107,4254,195,44,1,56
"1298",107,4411,195,46,NA,NA
"1299",107,4461,195,46,0,56
"1300",107,7585,195,77,NA,NA
"1301",107,7603,195,77,NA,NA
"1302",107,7657,195,77,0,56
"1303",107,9835,195,100,0,56
"1304",107,9849,195,100,NA,NA
"1305",107,245,196,3,NA,NA
"1306",107,276,196,3,NA,NA
"1307",107,2458,196,26,0,56
"1308",107,2459,196,26,NA,NA
"1309",107,2491,196,26,NA,NA
"1310",107,2519,196,26,NA,NA
"1311",107,2522,196,26,NA,NA
"1312",107,2526,196,26,NA,NA
"1313",107,2527,196,26,NA,NA
"1314",107,2534,196,26,0,56
"1315",107,4390,196,46,NA,NA
"1316",107,4453,196,46,NA,NA
"1317",107,4462,196,46,NA,NA
"1318",107,4475,196,46,0,56
"1319",107,4501,196,46,NA,NA
"1320",107,7620,196,77,NA,NA
"1321",107,9229,196,93,NA,NA
"1322",107,9231,196,93,NA,NA
"1323",107,9610,196,97,NA,NA
"1324",107,9879,196,100,0,56
"1325",107,9883,196,100,NA,NA
"1326",107,9890,196,100,NA,NA
"1327",107,62,197,1,NA,NA
"1328",107,241,197,3,NA,NA
"1329",107,2451,197,26,NA,NA
"1330",107,2465,197,26,0,56
"1331",107,2470,197,26,NA,NA
"1332",107,2481,197,26,0,56
"1333",107,2530,197,26,NA,NA
"1334",107,2546,197,26,0,56
"1335",107,4094,197,43,NA,NA
"1336",107,4099,197,43,NA,NA
"1337",107,4112,197,43,0,56
"1338",107,4206,197,44,1,56
"1339",107,4230,197,44,1,56
"1340",107,4272,197,44,NA,NA
"1341",107,4465,197,46,0,56
"1342",107,9169,197,93,1,56
"1343",107,9172,197,93,NA,NA
"1344",107,9215,197,93,1,56
"1345",107,9244,197,93,1,56
"1346",107,9618,197,97,0,56
"1347",107,9628,197,97,0,56
"1348",107,9630,197,97,0,56
"1349",107,9862,197,100,0,56
"1350",107,257,198,3,NA,NA
"1351",107,294,198,3,NA,NA
"1352",107,2126,198,22,0,56
"1353",107,2134,198,22,NA,NA
"1354",107,2488,198,26,NA,NA
"1355",107,2516,198,26,NA,NA
"1356",107,3810,198,40,0,56
"1357",107,3916,198,41,NA,NA
"1358",107,4108,198,43,0,56
"1359",107,4128,198,43,NA,NA
"1360",107,4142,198,43,NA,NA
"1361",107,4217,198,44,1,56
"1362",107,4409,198,46,0,56
"1363",107,7596,198,77,NA,NA
"1364",107,7611,198,77,NA,NA
"1365",107,7654,198,77,0,56
"1366",107,7661,198,77,NA,NA
"1367",107,9190,198,93,1,56
"1368",107,9197,198,93,1,56
"1369",107,9220,198,93,NA,NA
"1370",107,9593,198,97,NA,NA
"1371",107,9605,198,97,NA,NA
"1372",107,9626,198,97,0,56
"1373",107,306,199,3,NA,NA
"1374",107,1493,199,16,1,56
"1375",107,1517,199,16,1,56
"1376",107,1554,199,16,NA,NA
"1377",107,1571,199,16,NA,NA
"1378",107,1578,199,16,NA,NA
"1379",107,2441,199,26,0,56
"1380",107,2500,199,26,NA,NA
"1381",107,2517,199,26,0,56
"1382",107,2539,199,26,0,56
"1383",107,2542,199,26,0,56
"1384",107,4140,199,43,NA,NA
"1385",107,4154,199,43,NA,NA
"1386",107,4165,199,43,NA,NA
"1387",107,4166,199,43,NA,NA
"1388",107,4207,199,44,NA,NA
"1389",107,4239,199,44,NA,NA
"1390",107,4271,199,44,NA,NA
"1391",107,4478,199,46,NA,NA
"1392",107,7666,199,77,0,56
"1393",107,9203,199,93,1,56
"1394",107,9578,199,97,0,56
"1395",107,9588,199,97,0,56
"1396",107,9599,199,97,NA,NA
"1397",107,9639,199,97,0,56
"1398",107,9840,199,100,NA,NA
"1399",107,9892,199,100,NA,NA
"1400",107,281,200,3,1,56
"1401",107,299,200,3,1,56
"1402",107,2453,200,26,0,56
"1403",107,2531,200,26,0,56
"1404",107,3872,200,40,0,56
"1405",107,4113,200,43,0,56
"1406",107,4201,200,44,NA,NA
"1407",107,4252,200,44,NA,NA
"1408",107,4416,200,46,NA,NA
"1409",107,4434,200,46,0,56
"1410",107,4456,200,46,NA,NA
"1411",107,4477,200,46,0,56
"1412",107,4479,200,46,NA,NA
"1413",107,6865,200,70,0,56
"1414",107,7584,200,77,0,56
"1415",107,7594,200,77,NA,NA
"1416",107,7598,200,77,NA,NA
"1417",107,7602,200,77,0,56
"1418",107,7614,200,77,NA,NA
"1419",107,7634,200,77,NA,NA
"1420",107,7648,200,77,0,56
"1421",107,7652,200,77,NA,NA
"1422",107,9206,200,93,NA,NA
"1423",107,9565,200,97,0,56
"1424",107,9572,200,97,0,56
"1425",107,9575,200,97,NA,NA
"1426",107,9586,200,97,NA,NA
"1427",107,12,201,1,NA,NA
"1428",107,238,201,3,NA,NA
"1429",107,254,201,3,1,56
"1430",107,282,201,3,NA,NA
"1431",107,1490,201,16,1,56
"1432",107,1555,201,16,NA,NA
"1433",107,1568,201,16,NA,NA
"1434",107,2443,201,26,0,56
"1435",107,2444,201,26,NA,NA
"1436",107,2447,201,26,0,56
"1437",107,2548,201,26,NA,NA
"1438",107,3837,201,40,0,56
"1439",107,3869,201,40,NA,NA
"1440",107,4109,201,43,NA,NA
"1441",107,4167,201,43,0,56
"1442",107,4228,201,44,NA,NA
"1443",107,4231,201,44,1,56
"1444",107,4257,201,44,1,56
"1445",107,4388,201,46,0,56
"1446",107,4426,201,46,NA,NA
"1447",107,4458,201,46,NA,NA
"1448",107,4495,201,46,NA,NA
"1449",107,7575,201,77,NA,NA
"1450",107,7599,201,77,0,56
"1451",107,7616,201,77,0,56
"1452",107,7637,201,77,NA,NA
"1453",107,9202,201,93,1,56
"1454",107,9249,201,93,NA,NA
"1455",107,9638,201,97,NA,NA
"1456",107,69,202,1,0,56
"1457",107,246,202,3,1,56
"1458",107,260,202,3,1,56
"1459",107,301,202,3,NA,NA
"1460",107,1196,202,12,NA,NA
"1461",107,1533,202,16,1,56
"1462",107,1539,202,16,NA,NA
"1463",107,1541,202,16,1,56
"1464",107,2448,202,26,0,56
"1465",107,2449,202,26,NA,NA
"1466",107,2463,202,26,NA,NA
"1467",107,2524,202,26,0,56
"1468",107,3824,202,40,NA,NA
"1469",107,4098,202,43,0,56
"1470",107,4100,202,43,0,56
"1471",107,4163,202,43,0,56
"1472",107,4234,202,44,NA,NA
"1473",107,4273,202,44,1,56
"1474",107,4467,202,46,NA,NA
"1475",107,4493,202,46,0,56
"1476",107,4499,202,46,NA,NA
"1477",107,7572,202,77,0,56
"1478",107,7607,202,77,0,56
"1479",107,7638,202,77,NA,NA
"1480",107,9579,202,97,NA,NA
"1481",107,9,203,1,0,56
"1482",107,36,203,1,NA,NA
"1483",107,277,203,3,1,56
"1484",107,316,203,3,1,56
"1485",107,1491,203,16,1,56
"1486",107,1508,203,16,NA,NA
"1487",107,1522,203,16,1,56
"1488",107,2541,203,26,0,56
"1489",107,3891,203,40,0,56
"1490",107,3928,203,41,0,56
"1491",107,3972,203,41,0,56
"1492",107,4118,203,43,0,56
"1493",107,4153,203,43,NA,NA
"1494",107,4194,203,44,NA,NA
"1495",107,4197,203,44,1,56
"1496",107,4258,203,44,NA,NA
"1497",107,4276,203,44,1,56
"1498",107,4403,203,46,NA,NA
"1499",107,4431,203,46,0,56
"1500",107,4442,203,46,0,56
"1501",107,4448,203,46,NA,NA
"1502",107,4482,203,46,0,56
"1503",107,7583,203,77,0,56
"1504",107,7656,203,77,NA,NA
"1505",107,9570,203,97,NA,NA
"1506",107,9592,203,97,NA,NA
"1507",107,9632,203,97,0,56
"1508",107,284,204,3,1,56
"1509",107,313,204,3,1,56
"1510",107,1519,204,16,1,56
"1511",107,1595,204,16,1,56
"1512",107,2478,204,26,0,56
"1513",107,2510,204,26,0,56
"1514",107,2513,204,26,NA,NA
"1515",107,3862,204,40,NA,NA
"1516",107,4134,204,43,0,56
"1517",107,4149,204,43,NA,NA
"1518",107,4181,204,44,1,56
"1519",107,4184,204,44,1,56
"1520",107,4220,204,44,NA,NA
"1521",107,4404,204,46,0,56
"1522",107,4454,204,46,NA,NA
"1523",107,4491,204,46,NA,NA
"1524",107,5416,204,56,1,56
"1525",107,7576,204,77,NA,NA
"1526",107,7623,204,77,0,56
"1527",107,7651,204,77,NA,NA
"1528",107,9200,204,93,NA,NA
"1529",107,9221,204,93,1,56
"1530",107,73,205,1,0,56
"1531",107,266,205,3,1,56
"1532",107,285,205,3,1,56
"1533",107,1495,205,16,NA,NA
"1534",107,1497,205,16,NA,NA
"1535",107,1549,205,16,1,56
"1536",107,2141,205,22,0,56
"1537",107,2446,205,26,NA,NA
"1538",107,3898,205,40,0,56
"1539",107,3908,205,41,0,56
"1540",107,4097,205,43,0,56
"1541",107,4111,205,43,NA,NA
"1542",107,4143,205,43,0,56
"1543",107,4179,205,43,NA,NA
"1544",107,4187,205,44,1,56
"1545",107,4233,205,44,NA,NA
"1546",107,4249,205,44,1,56
"1547",107,4396,205,46,0,56
"1548",107,4457,205,46,NA,NA
"1549",107,4474,205,46,NA,NA
"1550",107,7590,205,77,0,56
"1551",107,7664,205,77,NA,NA
"1552",107,9218,205,93,1,56
"1553",107,9227,205,93,NA,NA
"1554",107,9567,205,97,0,56
"1555",107,9590,205,97,0,56
"1556",107,56,206,1,0,56
"1557",107,240,206,3,1,56
"1558",107,259,206,3,NA,NA
"1559",107,310,206,3,1,56
"1560",107,326,206,3,1,56
"1561",107,1518,206,16,NA,NA
"1562",107,1542,206,16,NA,NA
"1563",107,2148,206,22,NA,NA
"1564",107,3897,206,40,NA,NA
"1565",107,3925,206,41,NA,NA
"1566",107,3935,206,41,0,56
"1567",107,3958,206,41,NA,NA
"1568",107,4096,206,43,NA,NA
"1569",107,4116,206,43,0,56
"1570",107,4130,206,43,NA,NA
"1571",107,4139,206,43,0,56
"1572",107,4144,206,43,NA,NA
"1573",107,4176,206,43,NA,NA
"1574",107,4185,206,44,1,56
"1575",107,4224,206,44,NA,NA
"1576",107,4227,206,44,NA,NA
"1577",107,4250,206,44,1,56
"1578",107,4267,206,44,1,56
"1579",107,4397,206,46,0,56
"1580",107,4430,206,46,0,56
"1581",107,4464,206,46,0,56
"1582",107,4480,206,46,0,56
"1583",107,4488,206,46,NA,NA
"1584",107,7567,206,77,0,56
"1585",107,7571,206,77,NA,NA
"1586",107,7600,206,77,NA,NA
"1587",107,7613,206,77,NA,NA
"1588",107,7632,206,77,NA,NA
"1589",107,7645,206,77,NA,NA
"1590",107,9217,206,93,1,56
"1591",107,9224,206,93,1,56
"1592",107,9566,206,97,0,56
"1593",107,9868,206,100,NA,NA
"1594",107,71,207,1,0,56
"1595",107,112,207,1,NA,NA
"1596",107,253,207,3,NA,NA
"1597",107,290,207,3,1,56
"1598",107,322,207,3,NA,NA
"1599",107,1548,207,16,1,56
"1600",107,1583,207,16,NA,NA
"1601",107,2076,207,22,0,56
"1602",107,2077,207,22,NA,NA
"1603",107,2476,207,26,0,56
"1604",107,2505,207,26,0,56
"1605",107,2521,207,26,0,56
"1606",107,3884,207,40,0,56
"1607",107,3930,207,41,NA,NA
"1608",107,4137,207,43,NA,NA
"1609",107,4189,207,44,NA,NA
"1610",107,4240,207,44,NA,NA
"1611",107,4275,207,44,NA,NA
"1612",107,4410,207,46,0,56
"1613",107,4427,207,46,0,56
"1614",107,4428,207,46,NA,NA
"1615",107,4435,207,46,0,56
"1616",107,4438,207,46,0,56
"1617",107,4504,207,46,NA,NA
"1618",107,6887,207,70,NA,NA
"1619",107,7564,207,77,NA,NA
"1620",107,7587,207,77,0,56
"1621",107,7610,207,77,0,56
"1622",107,7631,207,77,NA,NA
"1623",107,7635,207,77,0,56
"1624",107,7646,207,77,NA,NA
"1625",107,7662,207,77,NA,NA
"1626",107,9161,207,93,1,56
"1627",107,9250,207,93,1,56
"1628",107,5,208,1,NA,NA
"1629",107,85,208,1,NA,NA
"1630",107,95,208,1,0,56
"1631",107,275,208,3,NA,NA
"1632",107,291,208,3,1,56
"1633",107,302,208,3,1,56
"1634",107,1500,208,16,NA,NA
"1635",107,1503,208,16,1,56
"1636",107,1505,208,16,NA,NA
"1637",107,1527,208,16,1,56
"1638",107,1540,208,16,NA,NA
"1639",107,1572,208,16,1,56
"1640",107,1585,208,16,1,56
"1641",107,2518,208,26,NA,NA
"1642",107,3980,208,41,NA,NA
"1643",107,4106,208,43,NA,NA
"1644",107,4160,208,43,0,56
"1645",107,4229,208,44,1,56
"1646",107,4407,208,46,0,56
"1647",107,4415,208,46,NA,NA
"1648",107,4422,208,46,0,56
"1649",107,4450,208,46,NA,NA
"1650",107,4481,208,46,0,56
"1651",107,4492,208,46,0,56
"1652",107,7595,208,77,NA,NA
"1653",107,9237,208,93,NA,NA
"1654",107,9580,208,97,0,56
"1655",107,9896,208,100,0,56
"1656",107,9901,208,100,NA,NA
"1657",107,9910,208,100,0,56
"1658",107,78,209,1,0,56
"1659",107,111,209,1,NA,NA
"1660",107,268,209,3,NA,NA
"1661",107,1530,209,16,1,56
"1662",107,1545,209,16,1,56
"1663",107,1565,209,16,NA,NA
"1664",107,1580,209,16,NA,NA
"1665",107,1581,209,16,NA,NA
"1666",107,2138,209,22,0,56
"1667",107,2535,209,26,0,56
"1668",107,3860,209,40,NA,NA
"1669",107,3878,209,40,NA,NA
"1670",107,4138,209,43,NA,NA
"1671",107,4200,209,44,NA,NA
"1672",107,4262,209,44,NA,NA
"1673",107,4398,209,46,NA,NA
"1674",107,4424,209,46,0,56
"1675",107,4463,209,46,NA,NA
"1676",107,4473,209,46,0,56
"1677",107,4483,209,46,0,56
"1678",107,4484,209,46,0,56
"1679",107,4486,209,46,NA,NA
"1680",107,7566,209,77,0,56
"1681",107,7619,209,77,NA,NA
"1682",107,7629,209,77,NA,NA
"1683",107,7636,209,77,0,56
"1684",107,9228,209,93,1,56
"1685",107,9581,209,97,0,56
"1686",107,9858,209,100,0,56
"1687",107,16,210,1,NA,NA
"1688",107,51,210,1,NA,NA
"1689",107,104,210,1,0,56
"1690",107,110,210,1,0,56
"1691",107,1573,210,16,NA,NA
"1692",107,1594,210,16,NA,NA
"1693",107,2113,210,22,NA,NA
"1694",107,3839,210,40,NA,NA
"1695",107,3847,210,40,NA,NA
"1696",107,3858,210,40,0,56
"1697",107,3876,210,40,0,56
"1698",107,3906,210,41,0,56
"1699",107,3940,210,41,NA,NA
"1700",107,3941,210,41,0,56
"1701",107,3994,210,41,NA,NA
"1702",107,4146,210,43,NA,NA
"1703",107,4196,210,44,NA,NA
"1704",107,4204,210,44,NA,NA
"1705",107,4225,210,44,1,56
"1706",107,4280,210,44,1,56
"1707",107,4420,210,46,0,56
"1708",107,4425,210,46,0,56
"1709",107,4472,210,46,0,56
"1710",107,7568,210,77,0,56
"1711",107,7578,210,77,0,56
"1712",107,7582,210,77,NA,NA
"1713",107,7653,210,77,NA,NA
"1714",107,7660,210,77,0,56
"1715",107,9612,210,97,0,56
"1716",107,53,211,1,0,56
"1717",107,83,211,1,0,56
"1718",107,243,211,3,1,56
"1719",107,265,211,3,NA,NA
"1720",107,270,211,3,NA,NA
"1721",107,272,211,3,1,56
"1722",107,303,211,3,1,56
"1723",107,1499,211,16,NA,NA
"1724",107,1526,211,16,NA,NA
"1725",107,1535,211,16,1,56
"1726",107,2149,211,22,0,56
"1727",107,2484,211,26,0,56
"1728",107,3799,211,40,NA,NA
"1729",107,3800,211,40,NA,NA
"1730",107,3816,211,40,NA,NA
"1731",107,3918,211,41,NA,NA
"1732",107,3943,211,41,NA,NA
"1733",107,3960,211,41,NA,NA
"1734",107,3995,211,41,0,56
"1735",107,4221,211,44,NA,NA
"1736",107,4235,211,44,NA,NA
"1737",107,4251,211,44,NA,NA
"1738",107,4391,211,46,0,56
"1739",107,4441,211,46,NA,NA
"1740",107,4490,211,46,0,56
"1741",107,7618,211,77,0,56
"1742",107,7643,211,77,0,56
"1743",107,7670,211,77,0,56
"1744",107,9193,211,93,NA,NA
"1745",107,41,212,1,0,56
"1746",107,46,212,1,0,56
"1747",107,101,212,1,0,56
"1748",107,256,212,3,1,56
"1749",107,328,212,3,1,56
"1750",107,1510,212,16,NA,NA
"1751",107,1513,212,16,NA,NA
"1752",107,1532,212,16,1,56
"1753",107,1556,212,16,NA,NA
"1754",107,1590,212,16,1,56
"1755",107,1592,212,16,NA,NA
"1756",107,3828,212,40,0,56
"1757",107,3856,212,40,NA,NA
"1758",107,3859,212,40,NA,NA
"1759",107,3951,212,41,NA,NA
"1760",107,4103,212,43,NA,NA
"1761",107,4161,212,43,NA,NA
"1762",107,4215,212,44,NA,NA
"1763",107,4218,212,44,1,56
"1764",107,4256,212,44,NA,NA
"1765",107,4279,212,44,1,56
"1766",107,4399,212,46,NA,NA
"1767",107,4469,212,46,0,56
"1768",107,4476,212,46,NA,NA
"1769",107,6846,212,70,NA,NA
"1770",107,7569,212,77,NA,NA
"1771",107,7627,212,77,NA,NA
"1772",107,7639,212,77,NA,NA
"1773",107,7640,212,77,0,56
"1774",107,9183,212,93,1,56
"1775",107,9219,212,93,1,56
"1776",107,30,213,1,0,56
"1777",107,44,213,1,NA,NA
"1778",107,102,213,1,NA,NA
"1779",107,244,213,3,NA,NA
"1780",107,250,213,3,1,56
"1781",107,262,213,3,NA,NA
"1782",107,264,213,3,1,56
"1783",107,298,213,3,NA,NA
"1784",107,314,213,3,NA,NA
"1785",107,321,213,3,NA,NA
"1786",107,1511,213,16,1,56
"1787",107,1553,213,16,1,56
"1788",107,1561,213,16,1,56
"1789",107,1579,213,16,NA,NA
"1790",107,2109,213,22,NA,NA
"1791",107,3802,213,40,0,56
"1792",107,3811,213,40,NA,NA
"1793",107,3820,213,40,0,56
"1794",107,3832,213,40,NA,NA
"1795",107,3849,213,40,0,56
"1796",107,3855,213,40,NA,NA
"1797",107,3962,213,41,NA,NA
"1798",107,3992,213,41,0,56
"1799",107,4133,213,43,0,56
"1800",107,4209,213,44,NA,NA
"1801",107,4269,213,44,1,56
"1802",107,4418,213,46,NA,NA
"1803",107,4500,213,46,0,56
"1804",107,7593,213,77,NA,NA
"1805",107,7649,213,77,0,56
"1806",107,9622,213,97,NA,NA
"1807",107,9902,213,100,NA,NA
"1808",107,6,214,1,NA,NA
"1809",107,54,214,1,0,56
"1810",107,76,214,1,NA,NA
"1811",107,86,214,1,0,56
"1812",107,98,214,1,NA,NA
"1813",107,117,214,1,0,56
"1814",107,235,214,3,NA,NA
"1815",107,263,214,3,1,56
"1816",107,267,214,3,NA,NA
"1817",107,295,214,3,1,56
"1818",107,311,214,3,NA,NA
"1819",107,1515,214,16,NA,NA
"1820",107,1528,214,16,1,56
"1821",107,1531,214,16,1,56
"1822",107,1575,214,16,1,56
"1823",107,1586,214,16,1,56
"1824",107,2078,214,22,0,56
"1825",107,2089,214,22,NA,NA
"1826",107,2142,214,22,NA,NA
"1827",107,2440,214,26,NA,NA
"1828",107,2473,214,26,0,56
"1829",107,2474,214,26,NA,NA
"1830",107,3809,214,40,NA,NA
"1831",107,3915,214,41,0,56
"1832",107,3927,214,41,0,56
"1833",107,3942,214,41,NA,NA
"1834",107,3979,214,41,NA,NA
"1835",107,4203,214,44,NA,NA
"1836",107,4232,214,44,1,56
"1837",107,7588,214,77,0,56
"1838",107,7615,214,77,0,56
"1839",107,7633,214,77,0,56
"1840",107,7641,214,77,NA,NA
"1841",107,7644,214,77,NA,NA
"1842",107,7658,214,77,NA,NA
"1843",107,7667,214,77,NA,NA
"1844",107,26,215,1,NA,NA
"1845",107,45,215,1,NA,NA
"1846",107,92,215,1,NA,NA
"1847",107,103,215,1,NA,NA
"1848",107,283,215,3,1,56
"1849",107,304,215,3,NA,NA
"1850",107,307,215,3,1,56
"1851",107,312,215,3,1,56
"1852",107,323,215,3,NA,NA
"1853",107,1520,215,16,NA,NA
"1854",107,1521,215,16,NA,NA
"1855",107,1538,215,16,1,56
"1856",107,1543,215,16,1,56
"1857",107,1562,215,16,1,56
"1858",107,1577,215,16,NA,NA
"1859",107,1589,215,16,1,56
"1860",107,2069,215,22,0,56
"1861",107,2140,215,22,0,56
"1862",107,3795,215,40,NA,NA
"1863",107,3808,215,40,0,56
"1864",107,3818,215,40,0,56
"1865",107,3851,215,40,0,56
"1866",107,3874,215,40,NA,NA
"1867",107,3899,215,40,0,56
"1868",107,3949,215,41,NA,NA
"1869",107,3961,215,41,0,56
"1870",107,4190,215,44,NA,NA
"1871",107,4278,215,44,NA,NA
"1872",107,4389,215,46,0,56
"1873",107,4440,215,46,0,56
"1874",107,4443,215,46,NA,NA
"1875",107,5476,215,56,1,56
"1876",107,6878,215,70,NA,NA
"1877",107,7573,215,77,0,56
"1878",107,7579,215,77,0,56
"1879",107,7586,215,77,NA,NA
"1880",107,7592,215,77,0,56
"1881",107,7612,215,77,NA,NA
"1882",107,7659,215,77,NA,NA
"1883",107,9162,215,93,1,56
"1884",107,9204,215,93,NA,NA
"1885",107,9212,215,93,NA,NA
"1886",107,24,216,1,NA,NA
"1887",107,57,216,1,0,56
"1888",107,66,216,1,0,56
"1889",107,93,216,1,0,56
"1890",107,94,216,1,0,56
"1891",107,106,216,1,NA,NA
"1892",107,251,216,3,1,56
"1893",107,279,216,3,NA,NA
"1894",107,293,216,3,1,56
"1895",107,1507,216,16,1,56
"1896",107,1529,216,16,1,56
"1897",107,3813,216,40,NA,NA
"1898",107,3841,216,40,0,56
"1899",107,3885,216,40,NA,NA
"1900",107,3905,216,41,0,56
"1901",107,3920,216,41,0,56
"1902",107,3965,216,41,NA,NA
"1903",107,4222,216,44,NA,NA
"1904",107,4263,216,44,1,56
"1905",107,4268,216,44,NA,NA
"1906",107,4400,216,46,0,56
"1907",107,4401,216,46,NA,NA
"1908",107,4417,216,46,0,56
"1909",107,4421,216,46,NA,NA
"1910",107,4466,216,46,NA,NA
"1911",107,4485,216,46,NA,NA
"1912",107,4503,216,46,0,56
"1913",107,5471,216,56,NA,NA
"1914",107,7647,216,77,0,56
"1915",107,9598,216,97,NA,NA
"1916",107,15,217,1,0,56
"1917",107,22,217,1,NA,NA
"1918",107,23,217,1,0,56
"1919",107,59,217,1,0,56
"1920",107,236,217,3,1,56
"1921",107,247,217,3,NA,NA
"1922",107,297,217,3,NA,NA
"1923",107,315,217,3,1,56
"1924",107,617,217,7,NA,NA
"1925",107,1574,217,16,NA,NA
"1926",107,2092,217,22,NA,NA
"1927",107,2125,217,22,0,56
"1928",107,2127,217,22,NA,NA
"1929",107,2455,217,26,0,56
"1930",107,3865,217,40,NA,NA
"1931",107,3950,217,41,NA,NA
"1932",107,4141,217,43,0,56
"1933",107,4186,217,44,NA,NA
"1934",107,4205,217,44,NA,NA
"1935",107,4259,217,44,NA,NA
"1936",107,4423,217,46,NA,NA
"1937",107,4449,217,46,0,56
"1938",107,4451,217,46,0,56
"1939",107,4489,217,46,0,56
"1940",107,6855,217,70,0,56
"1941",107,7605,217,77,NA,NA
"1942",107,7642,217,77,NA,NA
"1943",107,7669,217,77,0,56
"1944",107,9240,217,93,NA,NA
"1945",107,31,218,1,NA,NA
"1946",107,32,218,1,0,56
"1947",107,64,218,1,NA,NA
"1948",107,82,218,1,NA,NA
"1949",107,97,218,1,0,56
"1950",107,108,218,1,NA,NA
"1951",107,288,218,3,1,56
"1952",107,317,218,3,NA,NA
"1953",107,1502,218,16,1,56
"1954",107,1516,218,16,NA,NA
"1955",107,1558,218,16,1,56
"1956",107,1564,218,16,1,56
"1957",107,1591,218,16,NA,NA
"1958",107,2052,218,22,0,56
"1959",107,2095,218,22,0,56
"1960",107,3867,218,40,NA,NA
"1961",107,3877,218,40,NA,NA
"1962",107,3889,218,40,NA,NA
"1963",107,3922,218,41,0,56
"1964",107,3974,218,41,0,56
"1965",107,3977,218,41,NA,NA
"1966",107,3978,218,41,0,56
"1967",107,3996,218,41,0,56
"1968",107,4193,218,44,1,56
"1969",107,4195,218,44,1,56
"1970",107,4255,218,44,1,56
"1971",107,4393,218,46,NA,NA
"1972",107,4413,218,46,0,56
"1973",107,4446,218,46,NA,NA
"1974",107,4455,218,46,0,56
"1975",107,4468,218,46,NA,NA
"1976",107,9855,218,100,NA,NA
"1977",107,8,219,1,NA,NA
"1978",107,14,219,1,0,56
"1979",107,39,219,1,0,56
"1980",107,91,219,1,NA,NA
"1981",107,109,219,1,0,56
"1982",107,296,219,3,1,56
"1983",107,1494,219,16,1,56
"1984",107,2086,219,22,0,56
"1985",107,3829,219,40,NA,NA
"1986",107,3873,219,40,0,56
"1987",107,3896,219,40,NA,NA
"1988",107,3903,219,40,0,56
"1989",107,3924,219,41,NA,NA
"1990",107,3956,219,41,NA,NA
"1991",107,3988,219,41,NA,NA
"1992",107,4105,219,43,0,56
"1993",107,4212,219,44,NA,NA
"1994",107,4238,219,44,1,56
"1995",107,4444,219,46,0,56
"1996",107,5498,219,56,NA,NA
"1997",107,6848,219,70,NA,NA
"1998",107,9253,219,93,1,56
"1999",107,17,220,1,NA,NA
"2000",107,50,220,1,0,56
"2001",107,280,220,3,NA,NA
"2002",107,327,220,3,1,56
"2003",107,1552,220,16,1,56
"2004",107,1563,220,16,1,56
"2005",107,1567,220,16,1,56
"2006",107,1569,220,16,1,56
"2007",107,1576,220,16,1,56
"2008",107,1582,220,16,NA,NA
"2009",107,2074,220,22,0,56
"2010",107,2152,220,22,NA,NA
"2011",107,2153,220,22,NA,NA
"2012",107,3798,220,40,NA,NA
"2013",107,3826,220,40,0,56
"2014",107,3842,220,40,NA,NA
"2015",107,3852,220,40,0,56
"2016",107,3880,220,40,NA,NA
"2017",107,3886,220,40,NA,NA
"2018",107,3888,220,40,0,56
"2019",107,3907,220,41,0,56
"2020",107,4392,220,46,NA,NA
"2021",107,4439,220,46,NA,NA
"2022",107,4452,220,46,NA,NA
"2023",107,7591,220,77,0,56
"2024",107,7601,220,77,NA,NA
"2025",107,9165,220,93,NA,NA
"2026",107,9175,220,93,NA,NA
"2027",107,4,221,1,0,56
"2028",107,7,221,1,NA,NA
"2029",107,28,221,1,NA,NA
"2030",107,55,221,1,0,56
"2031",107,75,221,1,NA,NA
"2032",107,80,221,1,NA,NA
"2033",107,99,221,1,0,56
"2034",107,248,221,3,1,56
"2035",107,255,221,3,1,56
"2036",107,273,221,3,1,56
"2037",107,320,221,3,1,56
"2038",107,1489,221,16,NA,NA
"2039",107,1512,221,16,1,56
"2040",107,2097,221,22,0,56
"2041",107,2111,221,22,NA,NA
"2042",107,2129,221,22,NA,NA
"2043",107,2384,221,25,NA,NA
"2044",107,3822,221,40,0,56
"2045",107,3830,221,40,NA,NA
"2046",107,3831,221,40,NA,NA
"2047",107,3895,221,40,0,56
"2048",107,3914,221,41,NA,NA
"2049",107,3933,221,41,NA,NA
"2050",107,3945,221,41,0,56
"2051",107,3952,221,41,NA,NA
"2052",107,3967,221,41,0,56
"2053",107,3968,221,41,0,56
"2054",107,4244,221,44,NA,NA
"2055",107,4402,221,46,0,56
"2056",107,4502,221,46,0,56
"2057",107,5468,221,56,1,56
"2058",107,9214,221,93,1,56
"2059",107,13,222,1,NA,NA
"2060",107,20,222,1,0,56
"2061",107,43,222,1,0,56
"2062",107,49,222,1,0,56
"2063",107,1506,222,16,1,56
"2064",107,1523,222,16,NA,NA
"2065",107,1525,222,16,1,56
"2066",107,1570,222,16,1,56
"2067",107,2143,222,22,0,56
"2068",107,2593,222,27,NA,NA
"2069",107,3805,222,40,0,56
"2070",107,3819,222,40,0,56
"2071",107,3823,222,40,NA,NA
"2072",107,3836,222,40,NA,NA
"2073",107,3893,222,40,0,56
"2074",107,3937,222,41,0,56
"2075",107,3944,222,41,NA,NA
"2076",107,3990,222,41,0,56
"2077",107,4192,222,44,1,56
"2078",107,4219,222,44,1,56
"2079",107,4237,222,44,1,56
"2080",107,4248,222,44,1,56
"2081",107,4270,222,44,1,56
"2082",107,4419,222,46,NA,NA
"2083",107,5421,222,56,1,56
"2084",107,5456,222,56,NA,NA
"2085",107,6883,222,70,NA,NA
"2086",107,7626,222,77,0,56
"2087",107,3,223,1,NA,NA
"2088",107,18,223,1,NA,NA
"2089",107,40,223,1,0,56
"2090",107,52,223,1,0,56
"2091",107,107,223,1,0,56
"2092",107,271,223,3,NA,NA
"2093",107,274,223,3,NA,NA
"2094",107,309,223,3,1,56
"2095",107,1536,223,16,1,56
"2096",107,2061,223,22,NA,NA
"2097",107,2122,223,22,0,56
"2098",107,3807,223,40,0,56
"2099",107,3821,223,40,0,56
"2100",107,3964,223,41,0,56
"2101",107,3983,223,41,NA,NA
"2102",107,4208,223,44,NA,NA
"2103",107,4242,223,44,1,56
"2104",107,5441,223,56,1,56
"2105",107,5467,223,56,1,56
"2106",107,5493,223,56,NA,NA
"2107",107,6842,223,70,0,56
"2108",107,6844,223,70,0,56
"2109",107,6860,223,70,NA,NA
"2110",107,2,224,1,0,56
"2111",107,35,224,1,0,56
"2112",107,61,224,1,0,56
"2113",107,72,224,1,NA,NA
"2114",107,88,224,1,NA,NA
"2115",107,105,224,1,0,56
"2116",107,116,224,1,NA,NA
"2117",107,605,224,7,NA,NA
"2118",107,694,224,7,0,56
"2119",107,1514,224,16,NA,NA
"2120",107,1544,224,16,NA,NA
"2121",107,2055,224,22,NA,NA
"2122",107,2107,224,22,NA,NA
"2123",107,3827,224,40,NA,NA
"2124",107,3840,224,40,0,56
"2125",107,3845,224,40,NA,NA
"2126",107,3857,224,40,0,56
"2127",107,3904,224,40,0,56
"2128",107,4198,224,44,1,56
"2129",107,5505,224,56,1,56
"2130",107,5521,224,56,NA,NA
"2131",107,7570,224,77,NA,NA
"2132",107,1,225,1,NA,NA
"2133",107,19,225,1,NA,NA
"2134",107,33,225,1,0,56
"2135",107,34,225,1,NA,NA
"2136",107,37,225,1,NA,NA
"2137",107,47,225,1,0,56
"2138",107,65,225,1,NA,NA
"2139",107,77,225,1,0,56
"2140",107,252,225,3,1,56
"2141",107,258,225,3,NA,NA
"2142",107,1566,225,16,NA,NA
"2143",107,1584,225,16,NA,NA
"2144",107,2053,225,22,NA,NA
"2145",107,2056,225,22,0,56
"2146",107,2103,225,22,0,56
"2147",107,2137,225,22,NA,NA
"2148",107,3846,225,40,0,56
"2149",107,3850,225,40,NA,NA
"2150",107,3853,225,40,NA,NA
"2151",107,3861,225,40,0,56
"2152",107,3864,225,40,NA,NA
"2153",107,3883,225,40,NA,NA
"2154",107,3887,225,40,0,56
"2155",107,3901,225,40,NA,NA
"2156",107,3902,225,40,NA,NA
"2157",107,3921,225,41,0,56
"2158",107,3955,225,41,0,56
"2159",107,3971,225,41,NA,NA
"2160",107,3986,225,41,0,56
"2161",107,4191,225,44,NA,NA
"2162",107,4202,225,44,1,56
"2163",107,4223,225,44,1,56
"2164",107,4265,225,44,1,56
"2165",107,5415,225,56,NA,NA
"2166",107,9185,225,93,1,56
"2167",107,10,226,1,0,56
"2168",107,58,226,1,NA,NA
"2169",107,70,226,1,NA,NA
"2170",107,242,226,3,NA,NA
"2171",107,1498,226,16,NA,NA
"2172",107,1537,226,16,1,56
"2173",107,1587,226,16,NA,NA
"2174",107,2062,226,22,NA,NA
"2175",107,2070,226,22,NA,NA
"2176",107,2080,226,22,0,56
"2177",107,2101,226,22,NA,NA
"2178",107,2136,226,22,0,56
"2179",107,3812,226,40,NA,NA
"2180",107,3892,226,40,0,56
"2181",107,3917,226,41,NA,NA
"2182",107,3926,226,41,NA,NA
"2183",107,4245,226,44,1,56
"2184",107,4447,226,46,0,56
"2185",107,5418,226,56,1,56
"2186",107,5503,226,56,1,56
"2187",107,21,227,1,NA,NA
"2188",107,42,227,1,0,56
"2189",107,48,227,1,0,56
"2190",107,89,227,1,NA,NA
"2191",107,249,227,3,NA,NA
"2192",107,1557,227,16,NA,NA
"2193",107,2072,227,22,0,56
"2194",107,2073,227,22,0,56
"2195",107,2105,227,22,0,56
"2196",107,2132,227,22,0,56
"2197",107,2150,227,22,0,56
"2198",107,3833,227,40,0,56
"2199",107,3863,227,40,0,56
"2200",107,3900,227,40,NA,NA
"2201",107,3909,227,41,0,56
"2202",107,3932,227,41,NA,NA
"2203",107,3969,227,41,NA,NA
"2204",107,4246,227,44,NA,NA
"2205",107,5413,227,56,NA,NA
"2206",107,5436,227,56,1,56
"2207",107,5480,227,56,1,56
"2208",107,5490,227,56,1,56
"2209",107,6854,227,70,0,56
"2210",107,11,228,1,NA,NA
"2211",107,25,228,1,NA,NA
"2212",107,29,228,1,0,56
"2213",107,60,228,1,0,56
"2214",107,74,228,1,NA,NA
"2215",107,81,228,1,0,56
"2216",107,114,228,1,NA,NA
"2217",107,1501,228,16,1,56
"2218",107,2121,228,22,0,56
"2219",107,4213,228,44,NA,NA
"2220",107,4261,228,44,NA,NA
"2221",107,5431,228,56,NA,NA
"2222",107,5522,228,56,1,56
"2223",107,6921,228,70,0,56
"2224",107,8566,228,87,NA,NA
"2225",107,287,229,3,NA,NA
"2226",107,325,229,3,NA,NA
"2227",107,2075,229,22,0,56
"2228",107,2084,229,22,NA,NA
"2229",107,2584,229,27,0,56
"2230",107,3882,229,40,0,56
"2231",107,3890,229,40,0,56
"2232",107,3936,229,41,NA,NA
"2233",107,3963,229,41,0,56
"2234",107,3973,229,41,NA,NA
"2235",107,4432,229,46,NA,NA
"2236",107,5514,229,56,1,56
"2237",107,5515,229,56,NA,NA
"2238",107,6850,229,70,NA,NA
"2239",107,7630,229,77,0,56
"2240",107,67,230,1,NA,NA
"2241",107,68,230,1,NA,NA
"2242",107,87,230,1,0,56
"2243",107,90,230,1,NA,NA
"2244",107,100,230,1,0,56
"2245",107,113,230,1,NA,NA
"2246",107,2066,230,22,0,56
"2247",107,2081,230,22,NA,NA
"2248",107,2106,230,22,NA,NA
"2249",107,2551,230,26,0,56
"2250",107,2578,230,27,0,56
"2251",107,3796,230,40,NA,NA
"2252",107,3834,230,40,NA,NA
"2253",107,3923,230,41,NA,NA
"2254",107,3947,230,41,0,56
"2255",107,4158,230,43,NA,NA
"2256",107,5448,230,56,1,56
"2257",107,5462,230,56,1,56
"2258",107,5494,230,56,1,56
"2259",107,5499,230,56,1,56
"2260",107,6849,230,70,NA,NA
"2261",107,6857,230,70,NA,NA
"2262",107,6922,230,70,0,56
"2263",107,38,231,1,NA,NA
"2264",107,79,231,1,0,56
"2265",107,639,231,7,0,56
"2266",107,2059,231,22,NA,NA
"2267",107,2068,231,22,NA,NA
"2268",107,2108,231,22,0,56
"2269",107,2116,231,22,0,56
"2270",107,2151,231,22,0,56
"2271",107,2424,231,25,NA,NA
"2272",107,2590,231,27,NA,NA
"2273",107,3803,231,40,0,56
"2274",107,3844,231,40,NA,NA
"2275",107,3868,231,40,NA,NA
"2276",107,4433,231,46,NA,NA
"2277",107,5422,231,56,NA,NA
"2278",107,5439,231,56,1,56
"2279",107,6876,231,70,NA,NA
"2280",107,9232,231,93,NA,NA
"2281",107,96,232,1,NA,NA
"2282",107,599,232,7,NA,NA
"2283",107,680,232,7,NA,NA
"2284",107,1546,232,16,1,56
"2285",107,2063,232,22,NA,NA
"2286",107,2094,232,22,0,56
"2287",107,2120,232,22,NA,NA
"2288",107,3806,232,40,0,56
"2289",107,3975,232,41,0,56
"2290",107,3989,232,41,NA,NA
"2291",107,4394,232,46,NA,NA
"2292",107,5450,232,56,NA,NA
"2293",107,5459,232,56,NA,NA
"2294",107,5502,232,56,1,56
"2295",107,5518,232,56,1,56
"2296",107,6894,232,70,0,56
"2297",107,6910,232,70,0,56
"2298",107,649,233,7,0,56
"2299",107,1588,233,16,1,56
"2300",107,2124,233,22,0,56
"2301",107,2579,233,27,0,56
"2302",107,3993,233,41,NA,NA
"2303",107,4214,233,44,1,56
"2304",107,5423,233,56,1,56
"2305",107,5426,233,56,1,56
"2306",107,5440,233,56,NA,NA
"2307",107,5464,233,56,1,56
"2308",107,5470,233,56,1,56
"2309",107,5475,233,56,1,56
"2310",107,5484,233,56,NA,NA
"2311",107,63,234,1,NA,NA
"2312",107,115,234,1,0,56
"2313",107,632,234,7,NA,NA
"2314",107,2067,234,22,0,56
"2315",107,2082,234,22,0,56
"2316",107,2088,234,22,NA,NA
"2317",107,2098,234,22,0,56
"2318",107,2115,234,22,0,56
"2319",107,2118,234,22,NA,NA
"2320",107,3825,234,40,NA,NA
"2321",107,3987,234,41,0,56
"2322",107,4264,234,44,NA,NA
"2323",107,4408,234,46,NA,NA
"2324",107,5417,234,56,NA,NA
"2325",107,5427,234,56,NA,NA
"2326",107,5473,234,56,1,56
"2327",107,5492,234,56,NA,NA
"2328",107,6851,234,70,NA,NA
"2329",107,6890,234,70,NA,NA
"2330",107,6914,234,70,0,56
"2331",107,9239,234,93,NA,NA
"2332",107,84,235,1,0,56
"2333",107,308,235,3,NA,NA
"2334",107,2057,235,22,NA,NA
"2335",107,2117,235,22,NA,NA
"2336",107,2139,235,22,NA,NA
"2337",107,2617,235,27,0,56
"2338",107,3871,235,40,0,56
"2339",107,3982,235,41,0,56
"2340",107,5419,235,56,1,56
"2341",107,5442,235,56,1,56
"2342",107,5446,235,56,NA,NA
"2343",107,5457,235,56,NA,NA
"2344",107,5474,235,56,NA,NA
"2345",107,5512,235,56,1,56
"2346",107,5517,235,56,1,56
"2347",107,5523,235,56,1,56
"2348",107,7589,235,77,0,56
"2349",107,9208,235,93,1,56
"2350",107,618,236,7,NA,NA
"2351",107,1596,236,16,NA,NA
"2352",107,2054,236,22,NA,NA
"2353",107,2090,236,22,NA,NA
"2354",107,2096,236,22,NA,NA
"2355",107,2102,236,22,NA,NA
"2356",107,2119,236,22,NA,NA
"2357",107,3835,236,40,0,56
"2358",107,3879,236,40,0,56
"2359",107,3929,236,41,NA,NA
"2360",107,3934,236,41,NA,NA
"2361",107,5481,236,56,1,56
"2362",107,5516,236,56,NA,NA
"2363",107,6923,236,70,0,56
"2364",107,609,237,7,0,56
"2365",107,615,237,7,NA,NA
"2366",107,660,237,7,0,56
"2367",107,686,237,7,NA,NA
"2368",107,2087,237,22,NA,NA
"2369",107,3881,237,40,0,56
"2370",107,3939,237,41,NA,NA
"2371",107,3948,237,41,0,56
"2372",107,4216,237,44,NA,NA
"2373",107,5435,237,56,1,56
"2374",107,5454,237,56,NA,NA
"2375",107,5460,237,56,1,56
"2376",107,5461,237,56,NA,NA
"2377",107,5496,237,56,NA,NA
"2378",107,5507,237,56,NA,NA
"2379",107,5520,237,56,NA,NA
"2380",107,7617,237,77,0,56
"2381",107,8651,237,87,NA,NA
"2382",107,2071,238,22,0,56
"2383",107,2083,238,22,0,56
"2384",107,2130,238,22,NA,NA
"2385",107,2131,238,22,0,56
"2386",107,3838,238,40,NA,NA
"2387",107,3866,238,40,0,56
"2388",107,3953,238,41,0,56
"2389",107,4412,238,46,0,56
"2390",107,5414,238,56,1,56
"2391",107,5432,238,56,NA,NA
"2392",107,5453,238,56,1,56
"2393",107,5463,238,56,1,56
"2394",107,5477,238,56,NA,NA
"2395",107,5489,238,56,NA,NA
"2396",107,6900,238,70,NA,NA
"2397",107,6904,238,70,NA,NA
"2398",107,6916,238,70,0,56
"2399",107,533,239,6,NA,NA
"2400",107,600,239,7,0,56
"2401",107,656,239,7,0,56
"2402",107,693,239,7,NA,NA
"2403",107,699,239,7,0,56
"2404",107,2574,239,27,NA,NA
"2405",107,3804,239,40,NA,NA
"2406",107,3946,239,41,0,56
"2407",107,5424,239,56,1,56
"2408",107,5433,239,56,1,56
"2409",107,8583,239,87,NA,NA
"2410",107,636,240,7,NA,NA
"2411",107,2104,240,22,NA,NA
"2412",107,2580,240,27,NA,NA
"2413",107,2588,240,27,NA,NA
"2414",107,2609,240,27,NA,NA
"2415",107,2619,240,27,NA,NA
"2416",107,3797,240,40,0,56
"2417",107,3848,240,40,0,56
"2418",107,3957,240,41,0,56
"2419",107,5420,240,56,1,56
"2420",107,5465,240,56,1,56
"2421",107,5495,240,56,1,56
"2422",107,5504,240,56,NA,NA
"2423",107,5511,240,56,NA,NA
"2424",107,6843,240,70,NA,NA
"2425",107,6847,240,70,0,56
"2426",107,6870,240,70,0,56
"2427",107,6880,240,70,NA,NA
"2428",107,261,241,3,NA,NA
"2429",107,645,241,7,NA,NA
"2430",107,663,241,7,NA,NA
"2431",107,703,241,7,0,56
"2432",107,2133,241,22,0,56
"2433",107,2145,241,22,NA,NA
"2434",107,2147,241,22,0,56
"2435",107,2624,241,27,NA,NA
"2436",107,3870,241,40,NA,NA
"2437",107,5428,241,56,NA,NA
"2438",107,5430,241,56,NA,NA
"2439",107,5438,241,56,NA,NA
"2440",107,5506,241,56,NA,NA
"2441",107,5508,241,56,1,56
"2442",107,7936,241,80,NA,NA
"2443",107,9167,241,93,NA,NA
"2444",107,628,242,7,0,56
"2445",107,2100,242,22,NA,NA
"2446",107,2123,242,22,0,56
"2447",107,2146,242,22,NA,NA
"2448",107,4182,242,44,1,56
"2449",107,4274,242,44,1,56
"2450",107,5429,242,56,1,56
"2451",107,5434,242,56,NA,NA
"2452",107,5482,242,56,NA,NA
"2453",107,5509,242,56,NA,NA
"2454",107,6864,242,70,NA,NA
"2455",107,6893,242,70,0,56
"2456",107,646,243,7,NA,NA
"2457",107,679,243,7,NA,NA
"2458",107,696,243,7,NA,NA
"2459",107,706,243,7,0,56
"2460",107,2079,243,22,NA,NA
"2461",107,2099,243,22,NA,NA
"2462",107,2128,243,22,NA,NA
"2463",107,2616,243,27,0,56
"2464",107,3817,243,40,NA,NA
"2465",107,5447,243,56,1,56
"2466",107,5466,243,56,NA,NA
"2467",107,5487,243,56,1,56
"2468",107,5513,243,56,1,56
"2469",107,6861,243,70,NA,NA
"2470",107,635,244,7,0,56
"2471",107,652,244,7,NA,NA
"2472",107,659,244,7,0,56
"2473",107,2114,244,22,NA,NA
"2474",107,2607,244,27,NA,NA
"2475",107,5437,244,56,NA,NA
"2476",107,5444,244,56,NA,NA
"2477",107,5458,244,56,NA,NA
"2478",107,5485,244,56,NA,NA
"2479",107,5497,244,56,NA,NA
"2480",107,6862,244,70,NA,NA
"2481",107,6881,244,70,0,56
"2482",107,6918,244,70,NA,NA
"2483",107,8600,244,87,NA,NA
"2484",107,557,245,6,0,56
"2485",107,626,245,7,0,56
"2486",107,627,245,7,NA,NA
"2487",107,2085,245,22,0,56
"2488",107,2571,245,27,NA,NA
"2489",107,4210,245,44,1,56
"2490",107,5479,245,56,1,56
"2491",107,5519,245,56,1,56
"2492",107,6882,245,70,0,56
"2493",107,6919,245,70,0,56
"2494",107,8627,245,87,NA,NA
"2495",107,608,246,7,0,56
"2496",107,657,246,7,NA,NA
"2497",107,713,246,7,0,56
"2498",107,2595,246,27,0,56
"2499",107,5451,246,56,1,56
"2500",107,5483,246,56,NA,NA
"2501",107,6917,246,70,0,56
"2502",107,607,247,7,NA,NA
"2503",107,619,247,7,NA,NA
"2504",107,664,247,7,NA,NA
"2505",107,691,247,7,0,56
"2506",107,2064,247,22,0,56
"2507",107,2581,247,27,NA,NA
"2508",107,2594,247,27,NA,NA
"2509",107,5449,247,56,NA,NA
"2510",107,6866,247,70,NA,NA
"2511",107,6886,247,70,NA,NA
"2512",107,6908,247,70,NA,NA
"2513",107,8591,247,87,0,56
"2514",107,647,248,7,NA,NA
"2515",107,2135,248,22,NA,NA
"2516",107,3911,248,41,0,56
"2517",107,3966,248,41,0,56
"2518",107,5510,248,56,1,56
"2519",107,8629,248,87,NA,NA
"2520",107,610,249,7,0,56
"2521",107,640,249,7,0,56
"2522",107,665,249,7,0,56
"2523",107,688,249,7,0,56
"2524",107,704,249,7,NA,NA
"2525",107,2554,249,27,0,56
"2526",107,2561,249,27,0,56
"2527",107,2618,249,27,NA,NA
"2528",107,2621,249,27,NA,NA
"2529",107,4211,249,44,1,56
"2530",107,5425,249,56,1,56
"2531",107,5469,249,56,1,56
"2532",107,6903,249,70,0,56
"2533",107,6905,249,70,NA,NA
"2534",107,6906,249,70,0,56
"2535",107,7913,249,80,NA,NA
"2536",107,7938,249,80,1,56
"2537",107,8614,249,87,0,56
"2538",107,591,250,6,0,56
"2539",107,601,250,7,0,56
"2540",107,637,250,7,0,56
"2541",107,673,250,7,NA,NA
"2542",107,677,250,7,0,56
"2543",107,697,250,7,NA,NA
"2544",107,2060,250,22,0,56
"2545",107,2585,250,27,NA,NA
"2546",107,2612,250,27,NA,NA
"2547",107,5443,250,56,NA,NA
"2548",107,5455,250,56,NA,NA
"2549",107,5500,250,56,NA,NA
"2550",107,7895,250,80,1,56
"2551",107,8594,250,87,0,56
"2552",107,620,251,7,NA,NA
"2553",107,621,251,7,0,56
"2554",107,634,251,7,NA,NA
"2555",107,642,251,7,NA,NA
"2556",107,674,251,7,0,56
"2557",107,698,251,7,NA,NA
"2558",107,701,251,7,0,56
"2559",107,2110,251,22,0,56
"2560",107,2608,251,27,0,56
"2561",107,2625,251,27,NA,NA
"2562",107,2634,251,27,0,56
"2563",107,2643,251,27,0,56
"2564",107,5472,251,56,NA,NA
"2565",107,8595,251,87,NA,NA
"2566",107,661,252,7,NA,NA
"2567",107,675,252,7,NA,NA
"2568",107,2582,252,27,NA,NA
"2569",107,2592,252,27,0,56
"2570",107,2603,252,27,NA,NA
"2571",107,2614,252,27,0,56
"2572",107,2615,252,27,0,56
"2573",107,2642,252,27,NA,NA
"2574",107,6874,252,70,NA,NA
"2575",107,6889,252,70,NA,NA
"2576",107,6898,252,70,NA,NA
"2577",107,7964,252,80,1,56
"2578",107,8562,252,87,1,56
"2579",107,604,253,7,NA,NA
"2580",107,638,253,7,0,56
"2581",107,678,253,7,0,56
"2582",107,684,253,7,NA,NA
"2583",107,692,253,7,0,56
"2584",107,707,253,7,NA,NA
"2585",107,2065,253,22,0,56
"2586",107,2575,253,27,0,56
"2587",107,2577,253,27,0,56
"2588",107,2640,253,27,NA,NA
"2589",107,2646,253,27,NA,NA
"2590",107,3913,253,41,NA,NA
"2591",107,5488,253,56,NA,NA
"2592",107,6899,253,70,NA,NA
"2593",107,7888,253,80,1,56
"2594",107,8654,253,87,NA,NA
"2595",107,598,254,7,0,56
"2596",107,641,254,7,0,56
"2597",107,690,254,7,0,56
"2598",107,710,254,7,0,56
"2599",107,2563,254,27,0,56
"2600",107,2591,254,27,NA,NA
"2601",107,2597,254,27,NA,NA
"2602",107,2622,254,27,0,56
"2603",107,2633,254,27,NA,NA
"2604",107,6840,254,70,NA,NA
"2605",107,6877,254,70,NA,NA
"2606",107,6885,254,70,NA,NA
"2607",107,7931,254,80,1,56
"2608",107,7967,254,80,1,56
"2609",107,8645,254,87,1,56
"2610",107,583,255,6,0,56
"2611",107,625,255,7,0,56
"2612",107,644,255,7,NA,NA
"2613",107,2553,255,27,NA,NA
"2614",107,2611,255,27,0,56
"2615",107,2613,255,27,0,56
"2616",107,2627,255,27,0,56
"2617",107,2628,255,27,0,56
"2618",107,6841,255,70,0,56
"2619",107,6856,255,70,0,56
"2620",107,6891,255,70,0,56
"2621",107,6897,255,70,NA,NA
"2622",107,8612,255,87,1,56
"2623",107,8626,255,87,NA,NA
"2624",107,655,256,7,0,56
"2625",107,676,256,7,NA,NA
"2626",107,709,256,7,0,56
"2627",107,2552,256,27,0,56
"2628",107,2555,256,27,NA,NA
"2629",107,2626,256,27,NA,NA
"2630",107,7949,256,80,NA,NA
"2631",107,623,257,7,NA,NA
"2632",107,658,257,7,0,56
"2633",107,669,257,7,0,56
"2634",107,2629,257,27,0,56
"2635",107,2631,257,27,NA,NA
"2636",107,8559,257,87,1,56
"2637",107,613,258,7,NA,NA
"2638",107,631,258,7,0,56
"2639",107,681,258,7,NA,NA
"2640",107,708,258,7,0,56
"2641",107,2560,258,27,0,56
"2642",107,2568,258,27,NA,NA
"2643",107,2605,258,27,NA,NA
"2644",107,2623,258,27,0,56
"2645",107,2638,258,27,0,56
"2646",107,2644,258,27,0,56
"2647",107,5501,258,56,NA,NA
"2648",107,6852,258,70,0,56
"2649",107,6902,258,70,NA,NA
"2650",107,6909,258,70,0,56
"2651",107,7892,258,80,1,56
"2652",107,7897,258,80,NA,NA
"2653",107,7899,258,80,NA,NA
"2654",107,7957,258,80,1,56
"2655",107,8567,258,87,NA,NA
"2656",107,528,259,6,NA,NA
"2657",107,606,259,7,NA,NA
"2658",107,654,259,7,0,56
"2659",107,671,259,7,0,56
"2660",107,687,259,7,0,56
"2661",107,689,259,7,NA,NA
"2662",107,714,259,7,NA,NA
"2663",107,2565,259,27,NA,NA
"2664",107,2604,259,27,NA,NA
"2665",107,2606,259,27,NA,NA
"2666",107,2636,259,27,0,56
"2667",107,6913,259,70,NA,NA
"2668",107,8586,259,87,NA,NA
"2669",107,8631,259,87,NA,NA
"2670",107,612,260,7,0,56
"2671",107,653,260,7,NA,NA
"2672",107,666,260,7,NA,NA
"2673",107,2567,260,27,0,56
"2674",107,5445,260,56,NA,NA
"2675",107,7900,260,80,NA,NA
"2676",107,7921,260,80,1,56
"2677",107,8592,260,87,NA,NA
"2678",107,594,261,6,NA,NA
"2679",107,596,261,6,0,56
"2680",107,622,261,7,0,56
"2681",107,648,261,7,NA,NA
"2682",107,651,261,7,0,56
"2683",107,2569,261,27,NA,NA
"2684",107,2632,261,27,NA,NA
"2685",107,2639,261,27,0,56
"2686",107,7934,261,80,1,56
"2687",107,8606,261,87,1,56
"2688",107,611,262,7,NA,NA
"2689",107,650,262,7,NA,NA
"2690",107,695,262,7,0,56
"2691",107,1904,262,20,1,56
"2692",107,2557,262,27,0,56
"2693",107,6901,262,70,NA,NA
"2694",107,7977,262,80,NA,NA
"2695",107,8569,262,87,1,56
"2696",107,8577,262,87,NA,NA
"2697",107,8639,262,87,1,56
"2698",107,595,263,6,0,56
"2699",107,633,263,7,0,56
"2700",107,711,263,7,NA,NA
"2701",107,2599,263,27,NA,NA
"2702",107,2641,263,27,0,56
"2703",107,7889,263,80,NA,NA
"2704",107,7906,263,80,NA,NA
"2705",107,7951,263,80,NA,NA
"2706",107,7971,263,80,NA,NA
"2707",107,587,264,6,0,56
"2708",107,616,264,7,0,56
"2709",107,629,264,7,NA,NA
"2710",107,702,264,7,NA,NA
"2711",107,2602,264,27,0,56
"2712",107,2647,264,27,0,56
"2713",107,6888,264,70,0,56
"2714",107,6895,264,70,NA,NA
"2715",107,6912,264,70,NA,NA
"2716",107,7902,264,80,NA,NA
"2717",107,7952,264,80,NA,NA
"2718",107,7969,264,80,1,56
"2719",107,8623,264,87,1,56
"2720",107,672,265,7,NA,NA
"2721",107,715,265,7,0,56
"2722",107,2556,265,27,0,56
"2723",107,2566,265,27,0,56
"2724",107,2572,265,27,0,56
"2725",107,2610,265,27,NA,NA
"2726",107,2620,265,27,NA,NA
"2727",107,6873,265,70,0,56
"2728",107,7914,265,80,NA,NA
"2729",107,7973,265,80,NA,NA
"2730",107,8576,265,87,NA,NA
"2731",107,8636,265,87,NA,NA
"2732",107,2562,266,27,0,56
"2733",107,2564,266,27,NA,NA
"2734",107,2573,266,27,0,56
"2735",107,2635,266,27,0,56
"2736",107,6911,266,70,0,56
"2737",107,8587,266,87,1,56
"2738",107,8630,266,87,1,56
"2739",107,8641,266,87,1,56
"2740",107,8657,266,87,NA,NA
"2741",107,8660,266,87,NA,NA
"2742",107,662,267,7,0,56
"2743",107,668,267,7,0,56
"2744",107,2598,267,27,0,56
"2745",107,2645,267,27,NA,NA
"2746",107,6845,267,70,0,56
"2747",107,6858,267,70,NA,NA
"2748",107,6915,267,70,0,56
"2749",107,8571,267,87,NA,NA
"2750",107,8624,267,87,1,56
"2751",107,8634,267,87,NA,NA
"2752",107,683,268,7,0,56
"2753",107,2576,268,27,0,56
"2754",107,7955,268,80,1,56
"2755",107,8588,268,87,NA,NA
"2756",107,8640,268,87,1,56
"2757",107,8643,268,87,1,56
"2758",107,8644,268,87,1,56
"2759",107,8650,268,87,1,56
"2760",107,560,269,6,NA,NA
"2761",107,630,269,7,NA,NA
"2762",107,2559,269,27,NA,NA
"2763",107,6871,269,70,0,56
"2764",107,6920,269,70,0,56
"2765",107,7925,269,80,NA,NA
"2766",107,7953,269,80,1,56
"2767",107,7970,269,80,NA,NA
"2768",107,8575,269,87,NA,NA
"2769",107,535,270,6,NA,NA
"2770",107,546,270,6,0,56
"2771",107,572,270,6,0,56
"2772",107,614,270,7,NA,NA
"2773",107,670,270,7,NA,NA
"2774",107,2601,270,27,NA,NA
"2775",107,7905,270,80,NA,NA
"2776",107,7950,270,80,NA,NA
"2777",107,8581,270,87,NA,NA
"2778",107,8608,270,87,1,56
"2779",107,8649,270,87,NA,NA
"2780",107,8658,270,87,NA,NA
"2781",107,554,271,6,0,56
"2782",107,1931,271,20,1,56
"2783",107,2583,271,27,NA,NA
"2784",107,2586,271,27,NA,NA
"2785",107,7960,271,80,1,56
"2786",107,7965,271,80,NA,NA
"2787",107,603,272,7,NA,NA
"2788",107,667,272,7,NA,NA
"2789",107,1882,272,20,1,56
"2790",107,1942,272,20,1,56
"2791",107,2570,272,27,NA,NA
"2792",107,2589,272,27,NA,NA
"2793",107,7908,272,80,1,56
"2794",107,7909,272,80,1,56
"2795",107,7920,272,80,NA,NA
"2796",107,8572,272,87,NA,NA
"2797",107,8574,272,87,1,56
"2798",107,8604,272,87,1,56
"2799",107,8611,272,87,NA,NA
"2800",107,8618,272,87,1,56
"2801",107,8628,272,87,1,56
"2802",107,8655,272,87,NA,NA
"2803",107,624,273,7,0,56
"2804",107,1008,273,11,NA,NA
"2805",107,6835,273,69,0,56
"2806",107,7730,273,78,0,56
"2807",107,7918,273,80,1,56
"2808",107,7926,273,80,1,56
"2809",107,530,274,6,0,56
"2810",107,534,274,6,NA,NA
"2811",107,712,274,7,0,56
"2812",107,2648,274,27,0,56
"2813",107,7910,274,80,NA,NA
"2814",107,7941,274,80,1,56
"2815",107,8596,274,87,NA,NA
"2816",107,8620,274,87,NA,NA
"2817",107,8625,274,87,NA,NA
"2818",107,8638,274,87,NA,NA
"2819",107,568,275,6,NA,NA
"2820",107,1909,275,20,NA,NA
"2821",107,7890,275,80,NA,NA
"2822",107,7916,275,80,1,56
"2823",107,7930,275,80,NA,NA
"2824",107,7946,275,80,NA,NA
"2825",107,7947,275,80,NA,NA
"2826",107,7980,275,80,1,56
"2827",107,8564,275,87,1,56
"2828",107,8580,275,87,1,56
"2829",107,8589,275,87,1,56
"2830",107,8607,275,87,1,56
"2831",107,8609,275,87,1,56
"2832",107,8610,275,87,NA,NA
"2833",107,8617,275,87,1,56
"2834",107,8633,275,87,1,56
"2835",107,8656,275,87,NA,NA
"2836",107,518,276,6,NA,NA
"2837",107,565,276,6,0,56
"2838",107,582,276,6,NA,NA
"2839",107,705,276,7,0,56
"2840",107,1912,276,20,1,56
"2841",107,6868,276,70,NA,NA
"2842",107,7898,276,80,NA,NA
"2843",107,7956,276,80,NA,NA
"2844",107,8652,276,87,1,56
"2845",107,1888,277,20,NA,NA
"2846",107,1898,277,20,1,56
"2847",107,1932,277,20,1,56
"2848",107,2637,277,27,0,56
"2849",107,6483,277,66,NA,NA
"2850",107,7935,277,80,1,56
"2851",107,7944,277,80,NA,NA
"2852",107,7948,277,80,NA,NA
"2853",107,7961,277,80,1,56
"2854",107,8597,277,87,NA,NA
"2855",107,8615,277,87,1,56
"2856",107,522,278,6,NA,NA
"2857",107,569,278,6,0,56
"2858",107,1916,278,20,1,56
"2859",107,1921,278,20,NA,NA
"2860",107,1948,278,20,NA,NA
"2861",107,2630,278,27,0,56
"2862",107,7891,278,80,NA,NA
"2863",107,7894,278,80,1,56
"2864",107,8563,278,87,1,56
"2865",107,8568,278,87,1,56
"2866",107,1952,279,20,NA,NA
"2867",107,2600,279,27,NA,NA
"2868",107,6808,279,69,NA,NA
"2869",107,6924,279,70,0,56
"2870",107,7725,279,78,NA,NA
"2871",107,7739,279,78,NA,NA
"2872",107,7896,279,80,NA,NA
"2873",107,8598,279,87,1,56
"2874",107,8601,279,87,1,56
"2875",107,8622,279,87,1,56
"2876",107,8642,279,87,1,56
"2877",107,524,280,6,0,56
"2878",107,566,280,6,NA,NA
"2879",107,581,280,6,0,56
"2880",107,1115,280,11,1,56
"2881",107,7885,280,80,1,56
"2882",107,7904,280,80,NA,NA
"2883",107,8582,280,87,NA,NA
"2884",107,8599,280,87,1,56
"2885",107,8621,280,87,NA,NA
"2886",107,8635,280,87,1,56
"2887",107,555,281,6,0,56
"2888",107,558,281,6,NA,NA
"2889",107,1937,281,20,1,56
"2890",107,6784,281,69,NA,NA
"2891",107,7893,281,80,1,56
"2892",107,7928,281,80,1,56
"2893",107,7963,281,80,1,56
"2894",107,547,282,6,0,56
"2895",107,584,282,6,NA,NA
"2896",107,643,282,7,0,56
"2897",107,1874,282,20,1,56
"2898",107,1908,282,20,1,56
"2899",107,1924,282,20,NA,NA
"2900",107,1943,282,20,1,56
"2901",107,1949,282,20,1,56
"2902",107,7884,282,80,1,56
"2903",107,7911,282,80,1,56
"2904",107,7975,282,80,NA,NA
"2905",107,7978,282,80,NA,NA
"2906",107,8646,282,87,1,56
"2907",107,520,283,6,NA,NA
"2908",107,589,283,6,0,56
"2909",107,1883,283,20,1,56
"2910",107,6502,283,66,1,56
"2911",107,6512,283,66,NA,NA
"2912",107,7713,283,78,1,56
"2913",107,7887,283,80,NA,NA
"2914",107,7912,283,80,1,56
"2915",107,7923,283,80,NA,NA
"2916",107,7927,283,80,1,56
"2917",107,7929,283,80,1,56
"2918",107,7940,283,80,1,56
"2919",107,7943,283,80,1,56
"2920",107,8605,283,87,1,56
"2921",107,9405,283,95,NA,NA
"2922",107,517,284,6,NA,NA
"2923",107,529,284,6,0,56
"2924",107,544,284,6,NA,NA
"2925",107,559,284,6,NA,NA
"2926",107,563,284,6,0,56
"2927",107,592,284,6,NA,NA
"2928",107,1036,284,11,NA,NA
"2929",107,1875,284,20,NA,NA
"2930",107,7937,284,80,1,56
"2931",107,7974,284,80,1,56
"2932",107,8561,284,87,1,56
"2933",107,8585,284,87,1,56
"2934",107,8616,284,87,NA,NA
"2935",107,8653,284,87,NA,NA
"2936",107,536,285,6,NA,NA
"2937",107,556,285,6,NA,NA
"2938",107,567,285,6,0,56
"2939",107,588,285,6,NA,NA
"2940",107,1065,285,11,NA,NA
"2941",107,1100,285,11,NA,NA
"2942",107,1926,285,20,NA,NA
"2943",107,1944,285,20,1,56
"2944",107,1953,285,20,NA,NA
"2945",107,7962,285,80,NA,NA
"2946",107,7976,285,80,1,56
"2947",107,8570,285,87,NA,NA
"2948",107,8579,285,87,1,56
"2949",107,8584,285,87,1,56
"2950",107,8659,285,87,NA,NA
"2951",107,532,286,6,0,56
"2952",107,537,286,6,0,56
"2953",107,541,286,6,0,56
"2954",107,682,286,7,NA,NA
"2955",107,1016,286,11,NA,NA
"2956",107,1102,286,11,1,56
"2957",107,1934,286,20,NA,NA
"2958",107,1935,286,20,1,56
"2959",107,6828,286,69,0,56
"2960",107,7901,286,80,NA,NA
"2961",107,7933,286,80,NA,NA
"2962",107,8573,286,87,1,56
"2963",107,8578,286,87,NA,NA
"2964",107,521,287,6,NA,NA
"2965",107,526,287,6,NA,NA
"2966",107,527,287,6,0,56
"2967",107,543,287,6,0,56
"2968",107,602,287,7,NA,NA
"2969",107,1894,287,20,1,56
"2970",107,6836,287,69,0,56
"2971",107,7767,287,78,1,56
"2972",107,7924,287,80,NA,NA
"2973",107,7979,287,80,NA,NA
"2974",107,8602,287,87,NA,NA
"2975",107,8619,287,87,1,56
"2976",107,8648,287,87,1,56
"2977",107,561,288,6,0,56
"2978",107,576,288,6,0,56
"2979",107,579,288,6,NA,NA
"2980",107,597,288,6,NA,NA
"2981",107,1072,288,11,NA,NA
"2982",107,1114,288,11,NA,NA
"2983",107,1118,288,11,NA,NA
"2984",107,1880,288,20,NA,NA
"2985",107,1930,288,20,NA,NA
"2986",107,1936,288,20,NA,NA
"2987",107,1938,288,20,1,56
"2988",107,6462,288,66,NA,NA
"2989",107,6506,288,66,NA,NA
"2990",107,7727,288,78,NA,NA
"2991",107,549,289,6,NA,NA
"2992",107,564,289,6,0,56
"2993",107,570,289,6,NA,NA
"2994",107,580,289,6,NA,NA
"2995",107,593,289,6,NA,NA
"2996",107,1907,289,20,NA,NA
"2997",107,1929,289,20,NA,NA
"2998",107,6762,289,69,0,56
"2999",107,6805,289,69,NA,NA
"3000",107,7919,289,80,NA,NA
"3001",107,7932,289,80,NA,NA
"3002",107,7968,289,80,1,56
"3003",107,8565,289,87,NA,NA
"3004",107,9411,289,95,NA,NA
"3005",107,519,290,6,NA,NA
"3006",107,523,290,6,NA,NA
"3007",107,1048,290,11,NA,NA
"3008",107,1050,290,11,1,56
"3009",107,1053,290,11,1,56
"3010",107,1887,290,20,1,56
"3011",107,6501,290,66,1,56
"3012",107,7745,290,78,NA,NA
"3013",107,7769,290,78,NA,NA
"3014",107,7886,290,80,1,56
"3015",107,7903,290,80,1,56
"3016",107,8637,290,87,NA,NA
"3017",107,531,291,6,NA,NA
"3018",107,575,291,6,0,56
"3019",107,1007,291,11,1,56
"3020",107,1117,291,11,1,56
"3021",107,1891,291,20,1,56
"3022",107,1896,291,20,1,56
"3023",107,1959,291,20,NA,NA
"3024",107,6837,291,69,0,56
"3025",107,7680,291,78,NA,NA
"3026",107,7688,291,78,NA,NA
"3027",107,7922,291,80,NA,NA
"3028",107,7972,291,80,1,56
"3029",107,9397,291,95,0,56
"3030",107,1021,292,11,NA,NA
"3031",107,1057,292,11,1,56
"3032",107,1109,292,11,NA,NA
"3033",107,1906,292,20,1,56
"3034",107,1922,292,20,1,56
"3035",107,2410,292,25,NA,NA
"3036",107,7755,292,78,NA,NA
"3037",107,7777,292,78,NA,NA
"3038",107,539,293,6,0,56
"3039",107,540,293,6,0,56
"3040",107,562,293,6,0,56
"3041",107,1084,293,11,NA,NA
"3042",107,1902,293,20,NA,NA
"3043",107,1941,293,20,NA,NA
"3044",107,1951,293,20,1,56
"3045",107,1958,293,20,1,56
"3046",107,1963,293,20,NA,NA
"3047",107,6513,293,66,1,56
"3048",107,6816,293,69,NA,NA
"3049",107,7746,293,78,1,56
"3050",107,7915,293,80,1,56
"3051",107,7942,293,80,1,56
"3052",107,7966,293,80,NA,NA
"3053",107,8603,293,87,NA,NA
"3054",107,571,294,6,NA,NA
"3055",107,585,294,6,0,56
"3056",107,1076,294,11,NA,NA
"3057",107,1087,294,11,NA,NA
"3058",107,1885,294,20,NA,NA
"3059",107,1913,294,20,NA,NA
"3060",107,6834,294,69,0,56
"3061",107,7731,294,78,NA,NA
"3062",107,7939,294,80,1,56
"3063",107,9355,294,95,NA,NA
"3064",107,525,295,6,0,56
"3065",107,542,295,6,0,56
"3066",107,1093,295,11,1,56
"3067",107,1889,295,20,1,56
"3068",107,1927,295,20,1,56
"3069",107,6488,295,66,1,56
"3070",107,6830,295,69,NA,NA
"3071",107,7729,295,78,1,56
"3072",107,7738,295,78,1,56
"3073",107,7907,295,80,NA,NA
"3074",107,7958,295,80,1,56
"3075",107,8229,295,83,NA,NA
"3076",107,9419,295,95,0,56
"3077",107,9432,295,95,NA,NA
"3078",107,1079,296,11,NA,NA
"3079",107,1119,296,11,1,56
"3080",107,1923,296,20,1,56
"3081",107,1925,296,20,1,56
"3082",107,6436,296,66,NA,NA
"3083",107,7676,296,78,1,56
"3084",107,7753,296,78,1,56
"3085",107,9376,296,95,NA,NA
"3086",107,9400,296,95,NA,NA
"3087",107,577,297,6,0,56
"3088",107,590,297,6,NA,NA
"3089",107,1026,297,11,1,56
"3090",107,1028,297,11,1,56
"3091",107,1080,297,11,1,56
"3092",107,1103,297,11,NA,NA
"3093",107,1939,297,20,NA,NA
"3094",107,1956,297,20,1,56
"3095",107,6494,297,66,NA,NA
"3096",107,6790,297,69,0,56
"3097",107,7683,297,78,NA,NA
"3098",107,7705,297,78,1,56
"3099",107,7706,297,78,1,56
"3100",107,7775,297,78,NA,NA
"3101",107,8632,297,87,NA,NA
"3102",107,551,298,6,NA,NA
"3103",107,1039,298,11,1,56
"3104",107,1068,298,11,1,56
"3105",107,1070,298,11,1,56
"3106",107,1085,298,11,NA,NA
"3107",107,1094,298,11,1,56
"3108",107,1899,298,20,NA,NA
"3109",107,1947,298,20,NA,NA
"3110",107,6445,298,66,NA,NA
"3111",107,7690,298,78,1,56
"3112",107,7709,298,78,1,56
"3113",107,7714,298,78,NA,NA
"3114",107,7917,298,80,1,56
"3115",107,552,299,6,0,56
"3116",107,586,299,6,NA,NA
"3117",107,1018,299,11,1,56
"3118",107,1020,299,11,NA,NA
"3119",107,1037,299,11,NA,NA
"3120",107,1059,299,11,1,56
"3121",107,1107,299,11,NA,NA
"3122",107,1121,299,11,1,56
"3123",107,1123,299,11,NA,NA
"3124",107,1961,299,20,1,56
"3125",107,6454,299,66,NA,NA
"3126",107,6515,299,66,1,56
"3127",107,6759,299,69,0,56
"3128",107,6817,299,69,NA,NA
"3129",107,7673,299,78,NA,NA
"3130",107,7764,299,78,1,56
"3131",107,9438,299,95,NA,NA
"3132",107,545,300,6,0,56
"3133",107,1046,300,11,1,56
"3134",107,1082,300,11,NA,NA
"3135",107,1097,300,11,1,56
"3136",107,1104,300,11,NA,NA
"3137",107,1106,300,11,1,56
"3138",107,1881,300,20,NA,NA
"3139",107,1892,300,20,NA,NA
"3140",107,1895,300,20,NA,NA
"3141",107,1897,300,20,1,56
"3142",107,1901,300,20,1,56
"3143",107,1911,300,20,1,56
"3144",107,1954,300,20,NA,NA
"3145",107,1955,300,20,NA,NA
"3146",107,6490,300,66,1,56
"3147",107,7675,300,78,NA,NA
"3148",107,7734,300,78,NA,NA
"3149",107,548,301,6,NA,NA
"3150",107,553,301,6,0,56
"3151",107,1054,301,11,NA,NA
"3152",107,1918,301,20,1,56
"3153",107,1920,301,20,NA,NA
"3154",107,1957,301,20,NA,NA
"3155",107,6430,301,66,1,56
"3156",107,6482,301,66,1,56
"3157",107,6818,301,69,NA,NA
"3158",107,6827,301,69,NA,NA
"3159",107,7677,301,78,1,56
"3160",107,7693,301,78,1,56
"3161",107,7703,301,78,1,56
"3162",107,7718,301,78,NA,NA
"3163",107,7728,301,78,NA,NA
"3164",107,7740,301,78,NA,NA
"3165",107,7748,301,78,NA,NA
"3166",107,7749,301,78,1,56
"3167",107,7766,301,78,1,56
"3168",107,7776,301,78,NA,NA
"3169",107,9358,301,95,0,56
"3170",107,1042,302,11,NA,NA
"3171",107,1903,302,20,NA,NA
"3172",107,1917,302,20,NA,NA
"3173",107,6429,302,66,1,56
"3174",107,6470,302,66,1,56
"3175",107,6486,302,66,NA,NA
"3176",107,6505,302,66,1,56
"3177",107,6507,302,66,1,56
"3178",107,6785,302,69,0,56
"3179",107,6789,302,69,NA,NA
"3180",107,7674,302,78,NA,NA
"3181",107,7735,302,78,1,56
"3182",107,7758,302,78,1,56
"3183",107,7770,302,78,1,56
"3184",107,9372,302,95,0,56
"3185",107,9378,302,95,NA,NA
"3186",107,9382,302,95,NA,NA
"3187",107,1088,303,11,1,56
"3188",107,1090,303,11,NA,NA
"3189",107,1095,303,11,1,56
"3190",107,1096,303,11,1,56
"3191",107,1112,303,11,NA,NA
"3192",107,1116,303,11,NA,NA
"3193",107,1928,303,20,NA,NA
"3194",107,1950,303,20,NA,NA
"3195",107,6453,303,66,NA,NA
"3196",107,6761,303,69,0,56
"3197",107,6822,303,69,NA,NA
"3198",107,7724,303,78,1,56
"3199",107,9390,303,95,NA,NA
"3200",107,9430,303,95,0,56
"3201",107,1073,304,11,1,56
"3202",107,1108,304,11,1,56
"3203",107,1110,304,11,1,56
"3204",107,1113,304,11,1,56
"3205",107,1886,304,20,1,56
"3206",107,1900,304,20,1,56
"3207",107,1962,304,20,NA,NA
"3208",107,6428,304,66,1,56
"3209",107,6437,304,66,NA,NA
"3210",107,6463,304,66,1,56
"3211",107,6473,304,66,1,56
"3212",107,6780,304,69,0,56
"3213",107,6803,304,69,0,56
"3214",107,7694,304,78,NA,NA
"3215",107,7702,304,78,NA,NA
"3216",107,7773,304,78,1,56
"3217",107,7945,304,80,NA,NA
"3218",107,9362,304,95,NA,NA
"3219",107,9389,304,95,0,56
"3220",107,9391,304,95,NA,NA
"3221",107,1009,305,11,1,56
"3222",107,1032,305,11,1,56
"3223",107,1035,305,11,NA,NA
"3224",107,1089,305,11,1,56
"3225",107,1914,305,20,NA,NA
"3226",107,6433,305,66,NA,NA
"3227",107,6438,305,66,NA,NA
"3228",107,6464,305,66,NA,NA
"3229",107,6465,305,66,1,56
"3230",107,6772,305,69,0,56
"3231",107,7721,305,78,1,56
"3232",107,7742,305,78,1,56
"3233",107,7768,305,78,NA,NA
"3234",107,8205,305,83,1,56
"3235",107,9384,305,95,0,56
"3236",107,9402,305,95,NA,NA
"3237",107,9434,305,95,0,56
"3238",107,1014,306,11,NA,NA
"3239",107,1038,306,11,NA,NA
"3240",107,1062,306,11,NA,NA
"3241",107,6424,306,66,NA,NA
"3242",107,6489,306,66,NA,NA
"3243",107,6767,306,69,NA,NA
"3244",107,6776,306,69,NA,NA
"3245",107,6793,306,69,NA,NA
"3246",107,6820,306,69,NA,NA
"3247",107,6833,306,69,0,56
"3248",107,7672,306,78,1,56
"3249",107,7778,306,78,1,56
"3250",107,9363,306,95,0,56
"3251",107,9365,306,95,0,56
"3252",107,538,307,6,NA,NA
"3253",107,1024,307,11,NA,NA
"3254",107,1066,307,11,NA,NA
"3255",107,1077,307,11,1,56
"3256",107,1120,307,11,NA,NA
"3257",107,2946,307,31,0,56
"3258",107,6485,307,66,NA,NA
"3259",107,6520,307,66,1,56
"3260",107,6791,307,69,0,56
"3261",107,6795,307,69,NA,NA
"3262",107,6823,307,69,0,56
"3263",107,7692,307,78,NA,NA
"3264",107,7697,307,78,NA,NA
"3265",107,7716,307,78,1,56
"3266",107,7744,307,78,NA,NA
"3267",107,7756,307,78,1,56
"3268",107,1012,308,11,NA,NA
"3269",107,1013,308,11,1,56
"3270",107,1029,308,11,1,56
"3271",107,1034,308,11,1,56
"3272",107,1060,308,11,1,56
"3273",107,1074,308,11,1,56
"3274",107,1125,308,11,1,56
"3275",107,1876,308,20,1,56
"3276",107,1910,308,20,1,56
"3277",107,6476,308,66,1,56
"3278",107,6484,308,66,NA,NA
"3279",107,6755,308,69,NA,NA
"3280",107,6773,308,69,NA,NA
"3281",107,6824,308,69,NA,NA
"3282",107,7682,308,78,NA,NA
"3283",107,7711,308,78,NA,NA
"3284",107,7715,308,78,1,56
"3285",107,7726,308,78,NA,NA
"3286",107,7751,308,78,NA,NA
"3287",107,7761,308,78,NA,NA
"3288",107,7763,308,78,1,56
"3289",107,9373,308,95,1,56
"3290",107,9428,308,95,NA,NA
"3291",107,9440,308,95,NA,NA
"3292",107,9446,308,95,1,56
"3293",107,1078,309,11,1,56
"3294",107,1081,309,11,1,56
"3295",107,1098,309,11,NA,NA
"3296",107,1122,309,11,1,56
"3297",107,1877,309,20,1,56
"3298",107,1890,309,20,NA,NA
"3299",107,6457,309,66,1,56
"3300",107,6459,309,66,NA,NA
"3301",107,6478,309,66,NA,NA
"3302",107,6480,309,66,1,56
"3303",107,6493,309,66,1,56
"3304",107,6508,309,66,NA,NA
"3305",107,6764,309,69,0,56
"3306",107,7696,309,78,1,56
"3307",107,7719,309,78,1,56
"3308",107,7737,309,78,NA,NA
"3309",107,7771,309,78,1,56
"3310",107,9368,309,95,1,56
"3311",107,9388,309,95,1,56
"3312",107,9424,309,95,1,56
"3313",107,1027,310,11,NA,NA
"3314",107,1043,310,11,NA,NA
"3315",107,1047,310,11,1,56
"3316",107,1878,310,20,NA,NA
"3317",107,1893,310,20,NA,NA
"3318",107,1933,310,20,1,56
"3319",107,2971,310,31,NA,NA
"3320",107,6760,310,69,0,56
"3321",107,6832,310,69,NA,NA
"3322",107,7707,310,78,1,56
"3323",107,7743,310,78,1,56
"3324",107,7772,310,78,1,56
"3325",107,9383,310,95,1,56
"3326",107,9407,310,95,NA,NA
"3327",107,9415,310,95,1,56
"3328",107,9427,310,95,1,56
"3329",107,9436,310,95,NA,NA
"3330",107,1019,311,11,NA,NA
"3331",107,1052,311,11,NA,NA
"3332",107,1055,311,11,1,56
"3333",107,1075,311,11,1,56
"3334",107,1099,311,11,NA,NA
"3335",107,6443,311,66,NA,NA
"3336",107,6469,311,66,1,56
"3337",107,6510,311,66,NA,NA
"3338",107,6768,311,69,NA,NA
"3339",107,6815,311,69,0,56
"3340",107,7684,311,78,1,56
"3341",107,7710,311,78,NA,NA
"3342",107,7720,311,78,NA,NA
"3343",107,9366,311,95,1,56
"3344",107,1030,312,11,NA,NA
"3345",107,1056,312,11,NA,NA
"3346",107,1083,312,11,NA,NA
"3347",107,6432,312,66,1,56
"3348",107,6456,312,66,NA,NA
"3349",107,6496,312,66,1,56
"3350",107,6778,312,69,0,56
"3351",107,6781,312,69,NA,NA
"3352",107,7678,312,78,NA,NA
"3353",107,7679,312,78,1,56
"3354",107,7700,312,78,NA,NA
"3355",107,7722,312,78,NA,NA
"3356",107,9385,312,95,NA,NA
"3357",107,9423,312,95,NA,NA
"3358",107,2979,313,31,0,56
"3359",107,6440,313,66,NA,NA
"3360",107,6442,313,66,NA,NA
"3361",107,6447,313,66,1,56
"3362",107,6452,313,66,1,56
"3363",107,6765,313,69,0,56
"3364",107,6792,313,69,0,56
"3365",107,7685,313,78,NA,NA
"3366",107,7689,313,78,1,56
"3367",107,7732,313,78,NA,NA
"3368",107,9353,313,95,1,56
"3369",107,9380,313,95,NA,NA
"3370",107,9395,313,95,1,56
"3371",107,1017,314,11,NA,NA
"3372",107,1091,314,11,NA,NA
"3373",107,6422,314,66,1,56
"3374",107,6427,314,66,1,56
"3375",107,6448,314,66,NA,NA
"3376",107,6451,314,66,NA,NA
"3377",107,6466,314,66,NA,NA
"3378",107,6475,314,66,1,56
"3379",107,6481,314,66,1,56
"3380",107,6487,314,66,NA,NA
"3381",107,6757,314,69,NA,NA
"3382",107,6758,314,69,NA,NA
"3383",107,6783,314,69,NA,NA
"3384",107,6796,314,69,0,56
"3385",107,7691,314,78,NA,NA
"3386",107,7695,314,78,NA,NA
"3387",107,9356,314,95,NA,NA
"3388",107,9393,314,95,NA,NA
"3389",107,9439,314,95,NA,NA
"3390",107,1044,315,11,1,56
"3391",107,1945,315,20,1,56
"3392",107,1960,315,20,NA,NA
"3393",107,6460,315,66,NA,NA
"3394",107,6800,315,69,NA,NA
"3395",107,6811,315,69,NA,NA
"3396",107,6813,315,69,0,56
"3397",107,6831,315,69,0,56
"3398",107,7699,315,78,1,56
"3399",107,9409,315,95,NA,NA
"3400",107,9420,315,95,NA,NA
"3401",107,1033,316,11,1,56
"3402",107,1051,316,11,NA,NA
"3403",107,1101,316,11,1,56
"3404",107,6441,316,66,1,56
"3405",107,6497,316,66,NA,NA
"3406",107,6504,316,66,NA,NA
"3407",107,6769,316,69,NA,NA
"3408",107,6775,316,69,0,56
"3409",107,6787,316,69,NA,NA
"3410",107,6798,316,69,0,56
"3411",107,6806,316,69,0,56
"3412",107,6814,316,69,0,56
"3413",107,7698,316,78,NA,NA
"3414",107,7712,316,78,NA,NA
"3415",107,7741,316,78,NA,NA
"3416",107,7747,316,78,1,56
"3417",107,9406,316,95,NA,NA
"3418",107,1015,317,11,1,56
"3419",107,1025,317,11,NA,NA
"3420",107,6439,317,66,1,56
"3421",107,6492,317,66,1,56
"3422",107,6517,317,66,1,56
"3423",107,6518,317,66,1,56
"3424",107,6519,317,66,NA,NA
"3425",107,6771,317,69,0,56
"3426",107,7671,317,78,NA,NA
"3427",107,7736,317,78,1,56
"3428",107,7774,317,78,1,56
"3429",107,7954,317,80,1,56
"3430",107,9357,317,95,1,56
"3431",107,9379,317,95,1,56
"3432",107,9412,317,95,1,56
"3433",107,9416,317,95,NA,NA
"3434",107,9422,317,95,1,56
"3435",107,9431,317,95,NA,NA
"3436",107,1023,318,11,1,56
"3437",107,1045,318,11,1,56
"3438",107,1069,318,11,1,56
"3439",107,6450,318,66,1,56
"3440",107,6467,318,66,NA,NA
"3441",107,6477,318,66,1,56
"3442",107,6495,318,66,NA,NA
"3443",107,6788,318,69,NA,NA
"3444",107,6804,318,69,NA,NA
"3445",107,7708,318,78,1,56
"3446",107,7717,318,78,1,56
"3447",107,9352,318,95,1,56
"3448",107,1031,319,11,1,56
"3449",107,6446,319,66,1,56
"3450",107,6826,319,69,0,56
"3451",107,7750,319,78,1,56
"3452",107,9403,319,95,NA,NA
"3453",107,9410,319,95,NA,NA
"3454",107,9443,319,95,1,56
"3455",107,1040,320,11,1,56
"3456",107,1067,320,11,1,56
"3457",107,1124,320,11,1,56
"3458",107,2989,320,31,0,56
"3459",107,3003,320,31,NA,NA
"3460",107,6474,320,66,1,56
"3461",107,6500,320,66,1,56
"3462",107,6829,320,69,NA,NA
"3463",107,9396,320,95,NA,NA
"3464",107,1011,321,11,NA,NA
"3465",107,1063,321,11,1,56
"3466",107,1092,321,11,NA,NA
"3467",107,2935,321,31,NA,NA
"3468",107,2978,321,31,NA,NA
"3469",107,6468,321,66,1,56
"3470",107,6499,321,66,1,56
"3471",107,6511,321,66,NA,NA
"3472",107,6516,321,66,NA,NA
"3473",107,6774,321,69,0,56
"3474",107,6779,321,69,0,56
"3475",107,6801,321,69,NA,NA
"3476",107,6812,321,69,0,56
"3477",107,7686,321,78,1,56
"3478",107,9361,321,95,NA,NA
"3479",107,9386,321,95,NA,NA
"3480",107,9404,321,95,1,56
"3481",107,1105,322,11,NA,NA
"3482",107,1915,322,20,NA,NA
"3483",107,6423,322,66,1,56
"3484",107,6472,322,66,NA,NA
"3485",107,6479,322,66,1,56
"3486",107,6498,322,66,1,56
"3487",107,6509,322,66,NA,NA
"3488",107,6763,322,69,0,56
"3489",107,6794,322,69,NA,NA
"3490",107,6797,322,69,NA,NA
"3491",107,7681,322,78,NA,NA
"3492",107,9360,322,95,1,56
"3493",107,1022,323,11,1,56
"3494",107,1071,323,11,NA,NA
"3495",107,1946,323,20,1,56
"3496",107,2974,323,31,NA,NA
"3497",107,6426,323,66,1,56
"3498",107,6522,323,66,NA,NA
"3499",107,7762,323,78,NA,NA
"3500",107,7765,323,78,NA,NA
"3501",107,9369,323,95,1,56
"3502",107,9377,323,95,NA,NA
"3503",107,9394,323,95,1,56
"3504",107,9408,323,95,1,56
"3505",107,9414,323,95,NA,NA
"3506",107,9442,323,95,NA,NA
"3507",107,9445,323,95,1,56
"3508",107,1041,324,11,NA,NA
"3509",107,1049,324,11,1,56
"3510",107,1058,324,11,NA,NA
"3511",107,1064,324,11,NA,NA
"3512",107,6777,324,69,NA,NA
"3513",107,6802,324,69,0,56
"3514",107,7760,324,78,1,56
"3515",107,9413,324,95,NA,NA
"3516",107,9425,324,95,NA,NA
"3517",107,9449,324,95,NA,NA
"3518",107,1061,325,11,NA,NA
"3519",107,6461,325,66,NA,NA
"3520",107,9354,325,95,NA,NA
"3521",107,9370,325,95,1,56
"3522",107,2965,326,31,NA,NA
"3523",107,6449,326,66,NA,NA
"3524",107,6455,326,66,NA,NA
"3525",107,6521,326,66,NA,NA
"3526",107,6756,326,69,0,56
"3527",107,7701,326,78,1,56
"3528",107,9399,326,95,NA,NA
"3529",107,9441,326,95,1,56
"3530",107,1010,327,11,NA,NA
"3531",107,2980,327,31,0,56
"3532",107,6491,327,66,NA,NA
"3533",107,9418,327,95,1,56
"3534",107,9447,327,95,NA,NA
"3535",107,2948,328,31,0,56
"3536",107,2950,328,31,0,56
"3537",107,6819,328,69,NA,NA
"3538",107,6838,328,69,NA,NA
"3539",107,9401,328,95,1,56
"3540",107,9417,328,95,1,56
"3541",107,2993,329,31,NA,NA
"3542",107,2937,330,31,0,56
"3543",107,3025,330,31,NA,NA
"3544",107,3035,330,31,NA,NA
"3545",107,6425,330,66,NA,NA
"3546",107,6766,330,69,0,56
"3547",107,6809,330,69,NA,NA
"3548",107,9364,330,95,NA,NA
"3549",107,3032,331,31,0,56
"3550",107,6786,331,69,NA,NA
"3551",107,2933,332,31,NA,NA
"3552",107,2962,332,31,NA,NA
"3553",107,3010,332,31,NA,NA
"3554",107,6825,332,69,0,56
"3555",107,6444,333,66,1,56
"3556",107,6770,333,69,NA,NA
"3557",107,9429,333,95,NA,NA
"3558",107,2944,334,31,NA,NA
"3559",107,2964,334,31,NA,NA
"3560",107,2984,334,31,NA,NA
"3561",107,2998,334,31,0,56
"3562",107,3034,334,31,NA,NA
"3563",107,6782,334,69,0,56
"3564",107,7759,334,78,NA,NA
"3565",107,9398,334,95,1,56
"3566",107,3033,335,31,0,56
"3567",107,6434,335,66,1,56
"3568",107,6807,335,69,NA,NA
"3569",107,9375,335,95,1,56
"3570",107,2955,336,31,NA,NA
"3571",107,6435,336,66,1,56
"3572",107,6458,336,66,NA,NA
"3573",107,9367,336,95,1,56
"3574",107,2941,337,31,NA,NA
"3575",107,2992,337,31,1,56
"3576",107,9437,337,95,1,56
"3577",107,2988,338,31,1,56
"3578",107,2995,338,31,1,56
"3579",107,3013,338,31,NA,NA
"3580",107,2943,339,31,NA,NA
"3581",107,3024,339,31,1,56
"3582",107,2951,340,31,NA,NA
"3583",107,2970,340,31,1,56
"3584",107,3017,340,31,NA,NA
"3585",107,2940,341,31,1,56
"3586",107,2954,341,31,NA,NA
"3587",107,2967,341,31,1,56
"3588",107,2982,341,31,1,56
"3589",107,2999,341,31,NA,NA
"3590",107,6471,341,66,NA,NA
"3591",107,9435,341,95,1,56
"3592",107,3014,342,31,1,56
"3593",107,3026,342,31,NA,NA
"3594",107,9448,342,95,1,56
"3595",107,2983,343,31,NA,NA
"3596",107,3021,343,31,NA,NA
"3597",107,2957,344,31,1,56
"3598",107,2968,344,31,NA,NA
"3599",107,3022,344,31,1,56
"3600",107,2966,345,31,1,56
"3601",107,3011,345,31,1,56
"3602",107,2961,346,31,NA,NA
"3603",107,3028,346,31,1,56
"3604",107,2952,347,31,1,56
"3605",107,2958,347,31,NA,NA
"3606",107,2996,347,31,NA,NA
"3607",107,3036,347,31,1,56
"3608",107,3004,348,31,1,56
"3609",107,3005,348,31,NA,NA
"3610",107,3020,348,31,1,56
"3611",107,7723,348,78,NA,NA
"3612",107,2936,349,31,NA,NA
"3613",107,2956,349,31,1,56
"3614",107,2981,349,31,NA,NA
"3615",107,2986,349,31,1,56
"3616",107,3001,349,31,1,56
"3617",107,3031,349,31,1,56
"3618",107,3023,350,31,1,56
"3619",107,3029,350,31,1,56
"3620",107,9444,350,95,1,56
"3621",107,2975,351,31,1,56
"3622",107,2977,351,31,NA,NA
"3623",107,2990,351,31,NA,NA
"3624",107,3019,352,31,NA,NA
"3625",107,9421,352,95,1,56
"3626",107,2994,353,31,NA,NA
"3627",107,3002,353,31,NA,NA
"3628",107,2938,354,31,NA,NA
"3629",107,2972,354,31,1,56
"3630",107,2942,355,31,1,56
"3631",107,2976,355,31,NA,NA
"3632",107,3012,355,31,NA,NA
"3633",107,3018,355,31,NA,NA
"3634",107,2985,356,31,NA,NA
"3635",107,3030,356,31,NA,NA
"3636",107,2991,357,31,NA,NA
"3637",107,3016,357,31,1,56
"3638",107,9426,357,95,NA,NA
"3639",107,2949,358,31,1,56
"3640",107,1663,360,17,1,56
"3641",107,2932,360,31,1,56
"3642",107,1716,361,18,NA,NA
"3643",107,2934,361,31,1,56
"3644",107,2959,361,31,1,56
"3645",107,3007,361,31,1,56
"3646",107,2939,362,31,NA,NA
"3647",107,4936,362,50,0,56
"3648",107,2973,364,31,1,56
"3649",107,3009,364,31,1,56
"3650",107,3015,364,31,NA,NA
